spA_par,spB_par,Dissimilarity,Exclusivity,D,I,a_A,b_A,alpha_A,gamma_A,a_B,b_B,alpha_B,gamma_B
2353,2353,-0,0,1,1,21,22,10,4,21,22,10,4
2353,2354,0.848,0.923,0.2761863913496625,0.5141272123131368,21,22,10,4,10,23,10,4
2353,2355,0.817,0.917,0.29025565089240646,0.5230189460200325,21,22,10,4,11,23,10,4
2353,2356,0.779,0.909,0.3078600462461053,0.5334981238454124,21,22,10,4,12,23,10,4
2353,2357,0.731,0.901,0.3294682079666741,0.5459911296986572,21,22,10,4,13,23,10,4
2353,2358,0.673,0.889,0.3556685498425223,0.5611421517780917,21,22,10,4,14,23,10,4
2353,2359,0.604,0.876,0.3883394694658715,0.579941866897903,21,22,10,4,15,23,10,4
2353,2360,0.528,0.857,0.4299121332960959,0.6037193725756382,21,22,10,4,16,23,10,4
2353,2361,0.454,0.834,0.48187692603558696,0.633585878469072,21,22,10,4,17,23,10,4
2353,2362,0.402,0.8,0.5412350077576374,0.667904638935019,21,22,10,4,18,23,10,4
2353,2363,0.38,0.751,0.590646376575833,0.694169652274209,21,22,10,4,19,23,10,4
2353,2364,0.536,0.667,0.577880321770345,0.6758191575142676,21,22,10,4,20,23,10,4
2353,2365,0.952,0.501,0.5336869508857998,0.6003216761798886,21,22,10,4,21,23,10,4
2353,2366,1,1,0.6720048090825705,0.6216253359315833,21,22,10,4,22,23,10,4
2353,2367,0.615,0.929,0.31022229961324566,0.5393177561499314,21,22,10,4,10,24,10,4
2353,2368,0.575,0.924,0.3275627644418909,0.5488454537672114,21,22,10,4,11,24,10,4
2353,2369,0.535,0.917,0.3465303921713543,0.5593274833004966,21,22,10,4,12,24,10,4
2353,2370,0.498,0.91,0.36690609880013847,0.5707785793726105,21,22,10,4,13,24,10,4
2353,2371,0.467,0.9,0.3886204973830829,0.5831553142080698,21,22,10,4,14,24,10,4
2353,2372,0.447,0.889,0.4111185916791744,0.5961933136707187,21,22,10,4,15,24,10,4
2353,2373,0.437,0.875,0.4326552100513583,0.6089439333927876,21,22,10,4,16,24,10,4
2353,2374,0.434,0.858,0.44920911843826783,0.6188824408423419,21,22,10,4,17,24,10,4
2353,2375,0.478,0.834,0.45280178481488054,0.6208549432995267,21,22,10,4,18,24,10,4
2353,2376,0.643,0.8,0.4346028636186624,0.6079303273654688,21,22,10,4,19,24,10,4
2353,2377,0.897,0.751,0.41468210333610644,0.5800516366781702,21,22,10,4,20,24,10,4
2353,2378,0.997,0.667,0.46411255315419664,0.5674315086559794,21,22,10,4,21,24,10,4
2353,2379,1,1,0.5782626179161848,0.600242128999931,21,22,10,4,22,24,10,4
2353,2381,0.493,0.934,0.33107270289171686,0.5514320702732562,21,22,10,4,10,25,10,4
2353,2382,0.476,0.929,0.34400284557813354,0.5589303686449365,21,22,10,4,11,25,10,4
2353,2383,0.465,0.924,0.3565901998541927,0.5665250312021205,21,22,10,4,12,25,10,4
2353,2384,0.458,0.917,0.3684815266593502,0.5740079533110289,21,22,10,4,13,25,10,4
2353,2385,0.455,0.91,0.37903410334024545,0.5810461123081814,21,22,10,4,14,25,10,4
2353,2386,0.456,0.9,0.38710401380912607,0.5870272068086456,21,22,10,4,15,25,10,4
2353,2387,0.48,0.889,0.39103060096858955,0.5908199338013969,21,22,10,4,16,25,10,4
2353,2388,0.55,0.875,0.388597031124862,0.5906218486315928,21,22,10,4,17,25,10,4
2353,2389,0.686,0.858,0.3792931102855859,0.5844472758643375,21,22,10,4,18,25,10,4
2353,2390,0.862,0.834,0.37300822085382956,0.5723606682064313,21,22,10,4,19,25,10,4
2353,2391,0.978,0.8,0.3967189865660068,0.5617896469105343,21,22,10,4,20,25,10,4
2353,2392,1,0.75,0.46624324410965556,0.571038811216777,21,22,10,4,21,25,10,4
2353,2393,1,1,0.5710956192732972,0.6020394207342099,21,22,10,4,22,25,10,4
2353,2396,0.469,0.938,0.3358056111619171,0.5553577364996678,21,22,10,4,10,26,10,4
2353,2397,0.467,0.934,0.3436609652051674,0.560715291873197,21,22,10,4,11,26,10,4
2353,2398,0.465,0.929,0.3505835219417156,0.5657813776925652,21,22,10,4,12,26,10,4
2353,2399,0.468,0.923,0.3562008664977804,0.5703576229502154,21,22,10,4,13,26,10,4
2353,2400,0.484,0.917,0.35993405892841723,0.574152127157251,21,22,10,4,14,26,10,4
2353,2401,0.523,0.909,0.36117604797608593,0.576696799761172,21,22,10,4,15,26,10,4
2353,2402,0.597,0.9,0.3597994995028909,0.577298523300086,21,22,10,4,16,26,10,4
2353,2403,0.709,0.889,0.3570491911345325,0.575205256981367,21,22,10,4,17,26,10,4
2353,2404,0.842,0.875,0.35825224716769666,0.5703335689806475,21,22,10,4,18,26,10,4
2353,2405,0.95,0.858,0.3752776835183298,0.5649261735473887,21,22,10,4,19,26,10,4
2353,2406,0.995,0.834,0.4204643735162219,0.5656822526697307,21,22,10,4,20,26,10,4
2353,2407,1,0.8,0.4900242236146216,0.5805527109127988,21,22,10,4,21,26,10,4
2353,2408,1,1,0.5703794246442495,0.6030984000944382,21,22,10,4,22,26,10,4
2353,2412,0.472,0.942,0.3340527591167535,0.5563153232972311,21,22,10,4,10,27,10,4
2353,2413,0.475,0.938,0.33872376801852166,0.5602872747625088,21,22,10,4,11,27,10,4
2353,2414,0.487,0.934,0.3423364527834708,0.563905387659094,21,22,10,4,12,27,10,4
2353,2415,0.513,0.929,0.34469952407055515,0.5670273156946894,21,22,10,4,13,27,10,4
2353,2416,0.559,0.923,0.34591571884083894,0.5694428426316098,21,22,10,4,14,27,10,4
2353,2417,0.63,0.917,0.3463472906964744,0.5708384774019684,21,22,10,4,15,27,10,4
2353,2418,0.724,0.91,0.34712414024022786,0.5708323879478541,21,22,10,4,16,27,10,4
2353,2419,0.83,0.9,0.35101333159692183,0.5692147940886817,21,22,10,4,17,27,10,4
2353,2420,0.924,0.889,0.36362422523364724,0.5665547102114606,21,22,10,4,18,27,10,4
2353,2421,0.981,0.875,0.39156869730611565,0.5651307583245764,21,22,10,4,19,27,10,4
2353,2422,0.999,0.857,0.4352137757925443,0.5691324789264145,21,22,10,4,20,27,10,4
2353,2423,1,0.834,0.48561366421873875,0.5807170234238959,21,22,10,4,21,27,10,4
2353,2424,1,1,0.5351431029808236,0.5944631296810486,21,22,10,4,22,27,10,4
2353,2429,0.49,0.945,0.3316787356711227,0.5568322225132804,21,22,10,4,10,28,10,4
2353,2430,0.509,0.942,0.33452007216492774,0.559994591817111,21,22,10,4,11,28,10,4
2353,2431,0.54,0.938,0.33647085577331715,0.5628124875762817,21,22,10,4,12,28,10,4
2353,2432,0.588,0.934,0.3375895796666676,0.5651605840363199,21,22,10,4,13,28,10,4
2353,2433,0.653,0.929,0.33827492075973353,0.5668497325172548,21,22,10,4,14,28,10,4
2353,2434,0.733,0.924,0.3395425511191591,0.5676186597574502,21,22,10,4,15,28,10,4
2353,2435,0.822,0.917,0.34315628663557785,0.5672077508516626,21,22,10,4,16,28,10,4
2353,2436,0.904,0.909,0.3520073330019363,0.5656090135830307,21,22,10,4,17,28,10,4
2353,2437,0.963,0.9,0.369371120310816,0.5635327148517097,21,22,10,4,18,28,10,4
2353,2438,0.992,0.889,0.39638461348373255,0.5628626639063405,21,22,10,4,19,28,10,4
2353,2439,1,0.876,0.4297077497863304,0.5661880876739468,21,22,10,4,20,28,10,4
2353,2440,1,0.857,0.46408730384224606,0.5740694299179784,21,22,10,4,21,28,10,4
2353,2441,1,1,0.49959218904354263,0.583727658460087,21,22,10,4,22,28,10,4
2353,2447,0.53,0.948,0.3286222914341549,0.5571448870024269,21,22,10,4,10,29,10,4
2353,2448,0.564,0.945,0.32992488951502186,0.5596783076097203,21,22,10,4,11,29,10,4
2353,2449,0.61,0.941,0.3307822616728777,0.5618281982802463,21,22,10,4,12,29,10,4
2353,2450,0.67,0.938,0.3316025686989399,0.5634509986366012,21,22,10,4,13,29,10,4
2353,2451,0.74,0.934,0.33304077241240404,0.5643441471869692,21,22,10,4,14,29,10,4
2353,2452,0.816,0.929,0.3361184232123934,0.5642680822362754,21,22,10,4,15,29,10,4
2353,2453,0.888,0.923,0.3423672144220383,0.5630604982972031,21,22,10,4,16,29,10,4
2353,2454,0.946,0.917,0.3534413722663703,0.5608939337603341,21,22,10,4,17,29,10,4
2353,2455,0.982,0.91,0.37048329571497884,0.5586221208018131,21,22,10,4,18,29,10,4
2353,2456,0.997,0.9,0.3926133841201498,0.5579127449835644,21,22,10,4,19,29,10,4
2353,2457,1,0.889,0.41698111998333776,0.5605507122657455,21,22,10,4,20,29,10,4
2353,2458,1,0.876,0.4420091287234065,0.5665728036566979,21,22,10,4,21,29,10,4
2353,2459,1,1,0.47002765034221716,0.5741989704233947,21,22,10,4,22,29,10,4
2353,2466,0.584,0.95,0.3251674308032486,0.5570829322799362,21,22,10,4,10,30,10,4
2353,2467,0.629,0.948,0.3259912288655794,0.5589593966032447,21,22,10,4,11,30,10,4
2353,2468,0.683,0.945,0.3267711440094647,0.5603518393697564,21,22,10,4,12,30,10,4
2353,2469,0.745,0.942,0.32789217059730436,0.561092779718136,21,22,10,4,13,30,10,4
2353,2470,0.812,0.938,0.3300117070108667,0.5609787734571392,21,22,10,4,14,30,10,4
2353,2471,0.876,0.934,0.33400474296574756,0.5598275339386001,21,22,10,4,15,30,10,4
2353,2472,0.93,0.929,0.3407202441837046,0.5576220462241084,21,22,10,4,16,30,10,4
2353,2473,0.969,0.923,0.3510666250996036,0.5547369372045485,21,22,10,4,17,30,10,4
2353,2474,0.991,0.917,0.36487794197598433,0.5521244740080231,21,22,10,4,18,30,10,4
2353,2475,0.999,0.91,0.3808539536776112,0.5511908369063789,21,22,10,4,19,30,10,4
2353,2476,1,0.901,0.39739407974181007,0.5530482998494003,21,22,10,4,20,30,10,4
2353,2477,1,0.889,0.4149641969548399,0.5573209930103178,21,22,10,4,21,30,10,4
2353,2478,1,1,0.4347850590986049,0.5626450133700702,21,22,10,4,22,30,10,4
2353,2486,0.644,0.953,0.32240424579561533,0.5562029614645565,21,22,10,4,10,31,10,4
2353,2487,0.694,0.95,0.32279498934148065,0.5572739729197895,21,22,10,4,11,31,10,4
2353,2488,0.75,0.948,0.32335717059566893,0.5577280973294076,21,22,10,4,12,31,10,4
2353,2489,0.808,0.945,0.32447708734802716,0.5573995912410104,21,22,10,4,13,31,10,4
2353,2490,0.866,0.941,0.3266335302955673,0.5561314927545009,21,22,10,4,14,31,10,4
2353,2491,0.917,0.938,0.3304258418947139,0.5538586002974121,21,22,10,4,15,31,10,4
2353,2492,0.956,0.934,0.33647238971435123,0.5507481370486018,21,22,10,4,16,31,10,4
2353,2493,0.982,0.929,0.3448580309006214,0.547348289491133,21,22,10,4,17,31,10,4
2353,2494,0.995,0.924,0.35498285090440107,0.5446154222009842,21,22,10,4,18,31,10,4
2353,2495,0.999,0.917,0.3658482022047148,0.5436570142670544,21,22,10,4,19,31,10,4
2353,2496,1,0.909,0.3774131196991666,0.5450944018327821,21,22,10,4,20,31,10,4
2353,2497,1,0.901,0.3903942575773097,0.5484369978180244,21,22,10,4,21,31,10,4
2353,2498,1,1,0.40571925344538384,0.5527989624719565,21,22,10,4,22,31,10,4
2353,2507,0.702,0.955,0.3196417412257544,0.5542601806335965,21,22,10,4,10,32,10,4
2353,2508,0.753,0.953,0.31977121952036847,0.5544113972779051,21,22,10,4,11,32,10,4
2353,2509,0.806,0.95,0.3201477096378349,0.5538437514427306,21,22,10,4,12,32,10,4
2353,2510,0.858,0.948,0.32113368450800306,0.552436180555494,21,22,10,4,13,32,10,4
2353,2511,0.905,0.945,0.3231413535306703,0.5501268764114904,21,22,10,4,14,32,10,4
2353,2512,0.944,0.942,0.3265586672256162,0.5469977940401671,21,22,10,4,15,32,10,4
2353,2513,0.973,0.938,0.33140020212695076,0.543376273147619,21,22,10,4,16,32,10,4
2353,2514,0.99,0.934,0.337413356050282,0.5398912163030463,21,22,10,4,17,32,10,4
2353,2515,0.997,0.929,0.34423056141072916,0.5373939679059081,21,22,10,4,18,32,10,4
2353,2516,1,0.924,0.3517464220626735,0.5366768379123804,21,22,10,4,19,32,10,4
2353,2517,1,0.917,0.3603603141487065,0.5380022454559796,21,22,10,4,20,32,10,4
2353,2518,1,0.91,0.37056717415533025,0.5408571191365255,21,22,10,4,21,32,10,4
2353,2519,1,1,0.3827255158151228,0.5446175059904106,21,22,10,4,22,32,10,4
2353,2529,0.756,0.957,0.3181033674559216,0.5515140124203837,21,22,10,4,10,33,10,4
2353,2530,0.804,0.955,0.31815765200790236,0.5507746103867802,21,22,10,4,11,33,10,4
2353,2531,0.851,0.953,0.3185425766506237,0.549295953992539,21,22,10,4,12,33,10,4
2353,2532,0.895,0.95,0.319541594879417,0.5470340279257371,21,22,10,4,13,33,10,4
2353,2533,0.933,0.948,0.32145474786859507,0.5440390393618558,21,22,10,4,14,33,10,4
2353,2534,0.963,0.945,0.32431445182048213,0.5405195875878643,21,22,10,4,15,33,10,4
2353,2535,0.983,0.942,0.3281183675752787,0.5368927288661224,21,22,10,4,16,33,10,4
2353,2536,0.994,0.938,0.3327154388710487,0.5337702871784835,21,22,10,4,17,33,10,4
2353,2537,0.999,0.934,0.33811467357495373,0.5318365261969853,21,22,10,4,18,33,10,4
2353,2538,1,0.929,0.34436130214325245,0.5316029420335928,21,22,10,4,19,33,10,4
2353,2539,1,0.923,0.35152141687653016,0.5330986564619817,21,22,10,4,20,33,10,4
2353,2540,1,0.917,0.35976239816868905,0.5358479648926855,21,22,10,4,21,33,10,4
2353,2541,1,1,0.36922794878380893,0.5394018092012656,21,22,10,4,22,33,10,4
2353,2552,0.802,0.959,0.3199855859458891,0.5490249741587396,21,22,10,4,10,34,10,4
2353,2553,0.845,0.957,0.3204044719843273,0.547638960792319,21,22,10,4,11,34,10,4
2353,2554,0.886,0.955,0.32130141158267855,0.5455949519062857,21,22,10,4,12,34,10,4
2353,2555,0.923,0.953,0.3229013229447403,0.5429337724765511,21,22,10,4,13,34,10,4
2353,2556,0.953,0.95,0.32520781546267885,0.5398013563820756,21,22,10,4,14,34,10,4
2353,2557,0.975,0.948,0.328198254837475,0.5364851764886558,21,22,10,4,15,34,10,4
2353,2558,0.989,0.945,0.33191819569401493,0.5334228123776377,21,22,10,4,16,34,10,4
2353,2559,0.996,0.942,0.33638049433124684,0.5311528719246275,21,22,10,4,17,34,10,4
2353,2560,0.999,0.938,0.3415849787827281,0.5301927510425386,21,22,10,4,18,34,10,4
2353,2561,1,0.934,0.34758099646153995,0.5308500865030091,21,22,10,4,19,34,10,4
2353,2562,1,0.929,0.3543780191718673,0.5330426797686529,21,22,10,4,20,34,10,4
2353,2563,1,0.924,0.36224058655420655,0.5363861332036477,21,22,10,4,21,34,10,4
2353,2564,1,1,0.37189233634455743,0.540589008495631,21,22,10,4,22,34,10,4
2353,2576,0.841,0.96,0.32725319765795435,0.5480143812872285,21,22,10,4,10,35,10,4
2353,2577,0.879,0.959,0.3286740059900102,0.5463423641424181,21,22,10,4,11,35,10,4
2353,2578,0.914,0.957,0.3306621275973013,0.5441661970400552,21,22,10,4,12,35,10,4
2353,2579,0.943,0.955,0.33336312613714203,0.541594696699575,21,22,10,4,13,35,10,4
2353,2580,0.966,0.953,0.3368269711396823,0.5388326048212578,21,22,10,4,14,35,10,4
2353,2581,0.983,0.95,0.34098099814995,0.5361932507880313,21,22,10,4,15,35,10,4
2353,2582,0.993,0.948,0.3457667413676807,0.5340821653663191,21,22,10,4,16,35,10,4
2353,2583,0.998,0.945,0.35114890791699416,0.5329371134704817,21,22,10,4,17,35,10,4
2353,2584,1,0.942,0.3571907964468415,0.5331223505654277,21,22,10,4,18,35,10,4
2353,2585,1,0.938,0.36410036222629527,0.5347905264811166,21,22,10,4,19,35,10,4
2353,2586,1,0.934,0.37202520977188347,0.5377892317165633,21,22,10,4,20,35,10,4
2353,2587,1,0.929,0.3809827122819479,0.5417811630286221,21,22,10,4,21,35,10,4
2353,2588,1,1,0.3909059040293211,0.546517548040667,21,22,10,4,22,35,10,4
2353,2656,1,1,0.4243072018492674,0.5317100967021438,21,22,10,4,10,21,1,7
2353,2657,1,1,0.3991985611120865,0.5236447151138185,21,22,10,4,11,21,1,7
2353,2658,1,1,0.3884281593289324,0.5209886892276475,21,22,10,4,12,21,1,7
2353,2659,1,1,0.3827407150769895,0.5197567443447453,21,22,10,4,13,21,1,7
2353,2660,1,1,0.3752124329092392,0.5177327857694467,21,22,10,4,14,21,1,7
2353,2661,1,1,0.38697732941192475,0.5236888330681246,21,22,10,4,15,21,1,7
2353,2662,1,1,0.4053725917413761,0.5336792312518328,21,22,10,4,16,21,1,7
2353,2663,1,1,0.43247820842558005,0.5482002428431825,21,22,10,4,17,21,1,7
2353,2664,1,1,0.49469480525787224,0.5672388912512211,21,22,10,4,18,21,1,7
2353,2665,1,1,0.6008159866695715,0.596745059475698,21,22,10,4,19,21,1,7
2353,2666,1,1,0.6730067702771072,0.6295498038801477,21,22,10,4,20,21,1,7
2353,2667,1,0.917,0.3947741437924296,0.5217700395777799,21,22,10,4,10,22,1,7
2353,2668,1,0.91,0.37187765433689923,0.5143105343744454,21,22,10,4,11,22,1,7
2353,2669,1,0.901,0.36127820876048966,0.5115446115917764,21,22,10,4,12,22,1,7
2353,2670,1,0.889,0.3548629811671926,0.5100365032558711,21,22,10,4,13,22,1,7
2353,2671,1,0.876,0.34864109926949827,0.5086198633063521,21,22,10,4,14,22,1,7
2353,2672,1,0.857,0.3578503755179354,0.5139281249361276,21,22,10,4,15,22,1,7
2353,2673,1,0.834,0.37186350440393556,0.5223744636057503,21,22,10,4,16,22,1,7
2353,2674,1,0.8,0.39139834613307034,0.5336098751085359,21,22,10,4,17,22,1,7
2353,2675,1,0.75,0.43672061122593064,0.5481006043775646,21,22,10,4,18,22,1,7
2353,2676,1,0.667,0.5017621135228328,0.5656502326129225,21,22,10,4,19,22,1,7
2353,2677,0.997,0.501,0.5625309429922922,0.5837338644565306,21,22,10,4,20,22,1,7
2353,2678,0.936,0,0.6938614538980362,0.6595788041427544,21,22,10,4,21,22,1,7
2353,2679,1,0.923,0.36923265933979166,0.5131322143771724,21,22,10,4,10,23,1,7
2353,2680,1,0.917,0.34860248703574037,0.5063680604081602,21,22,10,4,11,23,1,7
2353,2681,1,0.909,0.33853446194199444,0.5037550997119165,21,22,10,4,12,23,1,7
2353,2682,1,0.901,0.33216283199988006,0.5023643528205154,21,22,10,4,13,23,1,7
2353,2683,1,0.889,0.32702299154189607,0.5016504266245593,21,22,10,4,14,23,1,7
2353,2684,1,0.876,0.3343515059261545,0.506707436384169,21,22,10,4,15,23,1,7
2353,2685,1,0.857,0.34485282668890604,0.5143983042844492,21,22,10,4,16,23,1,7
2353,2686,0.999,0.834,0.35978200500844126,0.5242915129716457,21,22,10,4,17,23,1,7
2353,2687,0.996,0.8,0.393629328536822,0.5373441970715715,21,22,10,4,18,23,1,7
2353,2688,0.987,0.751,0.4363488903664581,0.5541530113462694,21,22,10,4,19,23,1,7
2353,2689,0.937,0.667,0.48652452204174135,0.5871777034480621,21,22,10,4,20,23,1,7
2353,2690,0.599,0.501,0.6803866217316314,0.7317328189430192,21,22,10,4,21,23,1,7
2353,2691,1,1,0.6720716108215998,0.6197776584453634,21,22,10,4,22,23,1,7
2353,2692,1,0.929,0.3471760626177752,0.5060414930718169,21,22,10,4,10,24,1,7
2353,2693,1,0.924,0.3287166507095769,0.5000963458109986,21,22,10,4,11,24,1,7
2353,2694,1,0.917,0.31949719835527823,0.4979160573486757,21,22,10,4,12,24,1,7
2353,2695,0.999,0.91,0.3135233431835466,0.4970188262654044,21,22,10,4,13,24,1,7
2353,2696,0.999,0.9,0.30940260377874096,0.49725588724491,21,22,10,4,14,24,1,7
2353,2697,0.998,0.889,0.31543540373433865,0.502700731277802,21,22,10,4,15,24,1,7
2353,2698,0.995,0.875,0.3236873694489135,0.5107764001955997,21,22,10,4,16,24,1,7
2353,2699,0.99,0.858,0.3359035827009098,0.5214030894949708,21,22,10,4,17,24,1,7
2353,2700,0.975,0.834,0.364040019971808,0.5363097201972085,21,22,10,4,18,24,1,7
2353,2701,0.932,0.8,0.4012348473214532,0.5580231733109402,21,22,10,4,19,24,1,7
2353,2702,0.795,0.751,0.46525145976930515,0.6040743336914289,21,22,10,4,20,24,1,7
2353,2703,0.413,0.667,0.6490000409913912,0.7317770832104087,21,22,10,4,21,24,1,7
2353,2704,1,1,0.5264153943658916,0.5743667812621513,21,22,10,4,22,24,1,7
2353,2706,0.999,0.934,0.3282275347629807,0.5005662661346113,21,22,10,4,10,25,1,7
2353,2707,0.999,0.929,0.3118608207793637,0.49553835725219464,21,22,10,4,11,25,1,7
2353,2708,0.998,0.924,0.3036141335776985,0.4940020887992085,21,22,10,4,12,25,1,7
2353,2709,0.997,0.917,0.2982941798269929,0.49385316097677234,21,22,10,4,13,25,1,7
2353,2710,0.995,0.91,0.29521535192257253,0.4952027696523509,21,22,10,4,14,25,1,7
2353,2711,0.991,0.9,0.30061177636711744,0.5014323214197101,21,22,10,4,15,25,1,7
2353,2712,0.983,0.889,0.30794295072230826,0.5104610066299432,21,22,10,4,16,25,1,7
2353,2713,0.966,0.875,0.3198542525436633,0.5224849841159069,21,22,10,4,17,25,1,7
2353,2714,0.93,0.858,0.3467833817343071,0.5394417360462662,21,22,10,4,18,25,1,7
2353,2715,0.845,0.834,0.3858867376855022,0.5642081656014413,21,22,10,4,19,25,1,7
2353,2716,0.656,0.8,0.45717129012078916,0.6119961755334874,21,22,10,4,20,25,1,7
2353,2717,0.385,0.75,0.596433871823242,0.7026915797886812,21,22,10,4,21,25,1,7
2353,2718,1,1,0.44264041661805653,0.5505443611670251,21,22,10,4,22,25,1,7
2353,2721,0.998,0.938,0.3120893654230197,0.4965559405800666,21,22,10,4,10,26,1,7
2353,2722,0.996,0.934,0.297712332183113,0.4924785318664089,21,22,10,4,11,26,1,7
2353,2723,0.994,0.929,0.2905458717189032,0.4916867045053379,21,22,10,4,12,26,1,7
2353,2724,0.991,0.923,0.28608656473450256,0.4923848143954186,21,22,10,4,13,26,1,7
2353,2725,0.986,0.917,0.28417943458195183,0.49485019587823376,21,22,10,4,14,26,1,7
2353,2726,0.977,0.909,0.28955925310707564,0.5019535833551,21,22,10,4,15,26,1,7
2353,2727,0.96,0.9,0.2971611535342593,0.5119686153680314,21,22,10,4,16,26,1,7
2353,2728,0.928,0.889,0.310372983592918,0.5251507240868569,21,22,10,4,17,26,1,7
2353,2729,0.868,0.875,0.3381258868382008,0.5431538467742512,21,22,10,4,18,26,1,7
2353,2730,0.753,0.858,0.3790521251125464,0.5684188862107348,21,22,10,4,19,26,1,7
2353,2731,0.561,0.834,0.447495460993241,0.6123530730956283,21,22,10,4,20,26,1,7
2353,2732,0.398,0.8,0.5460422206175457,0.6742476011599745,21,22,10,4,21,26,1,7
2353,2733,1,1,0.39396574848554655,0.5369139834066115,21,22,10,4,22,26,1,7
2353,2737,0.994,0.942,0.29847062428020543,0.49376034385716305,21,22,10,4,10,27,1,7
2353,2738,0.992,0.938,0.28600973442012845,0.4906104676243156,21,22,10,4,11,27,1,7
2353,2739,0.988,0.934,0.2800036194195018,0.49057660111005286,21,22,10,4,12,27,1,7
2353,2740,0.981,0.929,0.2765755287145518,0.49211094161032887,21,22,10,4,13,27,1,7
2353,2741,0.971,0.923,0.2759513665275154,0.49558945691271084,21,22,10,4,14,27,1,7
2353,2742,0.955,0.917,0.28180935527006157,0.5034719364966553,21,22,10,4,15,27,1,7
2353,2743,0.927,0.91,0.2904558343884702,0.5142525154175148,21,22,10,4,16,27,1,7
2353,2744,0.88,0.9,0.3056164700927072,0.528085507735605,21,22,10,4,17,27,1,7
2353,2745,0.801,0.889,0.3342806070406358,0.5461547590559606,21,22,10,4,18,27,1,7
2353,2746,0.673,0.875,0.3747938208132817,0.5703784013331261,21,22,10,4,19,27,1,7
2353,2747,0.505,0.857,0.43574500088701007,0.6089415713252011,21,22,10,4,20,27,1,7
2353,2748,0.415,0.834,0.5038910220750346,0.6515308712220806,21,22,10,4,21,27,1,7
2353,2749,1,1,0.363954957847786,0.5285528800249966,21,22,10,4,22,27,1,7
2353,2754,0.988,0.945,0.2871327990475173,0.49192427641487,21,22,10,4,10,28,1,7
2353,2755,0.984,0.942,0.2765112260448279,0.48964302214036126,21,22,10,4,11,28,1,7
2353,2756,0.977,0.938,0.2717085354997413,0.4903267006076636,21,22,10,4,12,28,1,7
2353,2757,0.967,0.934,0.26943655022514423,0.49262476698369384,21,22,10,4,13,28,1,7
2353,2758,0.951,0.929,0.2701233332446846,0.4969634419718286,21,22,10,4,14,28,1,7
2353,2759,0.926,0.924,0.2768186703894937,0.5054528293738653,21,22,10,4,15,28,1,7
2353,2760,0.888,0.917,0.28679938725520626,0.5167115395178441,21,22,10,4,16,28,1,7
2353,2761,0.828,0.909,0.30378221873024513,0.5307196664920466,21,22,10,4,17,28,1,7
2353,2762,0.737,0.9,0.33256596419606377,0.5482069199432393,21,22,10,4,18,28,1,7
2353,2763,0.61,0.889,0.37077527335157,0.5707267059920536,21,22,10,4,19,28,1,7
2353,2764,0.475,0.876,0.42371454084056726,0.6041446980470295,21,22,10,4,20,28,1,7
2353,2765,0.429,0.857,0.47039625099631976,0.6340793131308857,21,22,10,4,21,28,1,7
2353,2766,1,1,0.3444700206599868,0.5232447594232775,21,22,10,4,22,28,1,7
2353,2772,0.98,0.948,0.2778616134905154,0.4908248711367914,21,22,10,4,10,29,1,7
2353,2773,0.973,0.945,0.26896942580908556,0.489333977676512,21,22,10,4,11,29,1,7
2353,2774,0.963,0.941,0.2653575792148727,0.4906658799567434,21,22,10,4,12,29,1,7
2353,2775,0.948,0.938,0.2642887205129749,0.49362678058883214,21,22,10,4,13,29,1,7
2353,2776,0.925,0.934,0.26626586260103735,0.4986597103381454,21,22,10,4,14,29,1,7
2353,2777,0.893,0.929,0.27395209538411214,0.5075700642329055,21,22,10,4,15,29,1,7
2353,2778,0.846,0.923,0.28521887289366366,0.5190431765755259,21,22,10,4,16,29,1,7
2353,2779,0.777,0.917,0.30359099663762623,0.5328760655090368,21,22,10,4,17,29,1,7
2353,2780,0.681,0.91,0.33142299313162304,0.5494458588745879,21,22,10,4,18,29,1,7
2353,2781,0.563,0.9,0.3667580530315161,0.5701175757758717,21,22,10,4,19,29,1,7
2353,2782,0.461,0.889,0.4123512978810623,0.5991551125941978,21,22,10,4,20,29,1,7
2353,2783,0.442,0.876,0.44392755052595756,0.6206682904171753,21,22,10,4,21,29,1,7
2353,2784,1,1,0.33144578847372574,0.5197951117288049,21,22,10,4,22,29,1,7
2353,2791,0.97,0.95,0.27040190416261756,0.4902798786325384,21,22,10,4,10,30,1,7
2353,2792,0.959,0.948,0.2631061800197335,0.4894932521966805,21,22,10,4,11,30,1,7
2353,2793,0.945,0.945,0.2606607216115685,0.49139195835837013,21,22,10,4,12,30,1,7
2353,2794,0.925,0.942,0.2607892965265258,0.4949074243261896,21,22,10,4,13,30,1,7
2353,2795,0.897,0.938,0.26395631855158097,0.5004777198525956,21,22,10,4,14,30,1,7
2353,2796,0.858,0.934,0.27260569640271726,0.5096419282189502,21,22,10,4,15,30,1,7
2353,2797,0.803,0.929,0.2849898993985698,0.5211231823557272,21,22,10,4,16,30,1,7
2353,2798,0.729,0.923,0.3040041008608241,0.53456096580766,21,22,10,4,17,30,1,7
2353,2799,0.634,0.917,0.33054800168191123,0.5500938573939702,21,22,10,4,18,30,1,7
2353,2800,0.53,0.91,0.36280945829143907,0.5690201217989055,21,22,10,4,19,30,1,7
2353,2801,0.456,0.901,0.40208063255884474,0.5944835601263828,21,22,10,4,20,30,1,7
2353,2802,0.457,0.889,0.4229589868093385,0.6102226921572056,21,22,10,4,21,30,1,7
2353,2803,1,1,0.32255194121555675,0.517482751703206,21,22,10,4,22,30,1,7
2353,2811,0.956,0.953,0.26448147734740224,0.49014537582794104,21,22,10,4,10,31,1,7
2353,2812,0.943,0.95,0.25865930306435125,0.4899767508873927,21,22,10,4,11,31,1,7
2353,2813,0.925,0.948,0.25734021775634386,0.4923595409289828,21,22,10,4,12,31,1,7
2353,2814,0.9,0.945,0.25857788782524493,0.49632635380793977,21,22,10,4,13,31,1,7
2353,2815,0.867,0.941,0.2628329116269321,0.5022972560397174,21,22,10,4,14,31,1,7
2353,2816,0.822,0.938,0.27232693131453367,0.5115800440676389,21,22,10,4,15,31,1,7
2353,2817,0.762,0.934,0.2855231538450954,0.5229246480061981,21,22,10,4,16,31,1,7
2353,2818,0.686,0.929,0.30467600862650246,0.5358503445350895,21,22,10,4,17,31,1,7
2353,2819,0.596,0.924,0.32981725978470333,0.5503515973612974,21,22,10,4,18,31,1,7
2353,2820,0.507,0.917,0.3589939200758864,0.5677242943122256,21,22,10,4,19,31,1,7
2353,2821,0.456,0.909,0.39314832166697233,0.5902979001578713,21,22,10,4,20,31,1,7
2353,2822,0.472,0.901,0.40624698478223675,0.601925490539586,21,22,10,4,21,31,1,7
2353,2823,1,1,0.31585581417879127,0.5158550238561161,21,22,10,4,22,31,1,7
2353,2832,0.941,0.955,0.2598816343121555,0.4903104850849048,21,22,10,4,10,32,1,7
2353,2833,0.924,0.953,0.255393861195239,0.49067828747040865,21,22,10,4,11,32,1,7
2353,2834,0.902,0.95,0.25512103883373616,0.49346758958084536,21,22,10,4,12,32,1,7
2353,2835,0.873,0.948,0.25737186494893005,0.4977939985701527,21,22,10,4,13,32,1,7
2353,2836,0.835,0.945,0.2625929687873505,0.504052625177587,21,22,10,4,14,32,1,7
2353,2837,0.786,0.942,0.2727439657671339,0.5133520253347438,21,22,10,4,15,32,1,7
2353,2838,0.724,0.938,0.2863917841277065,0.524467238795334,21,22,10,4,16,32,1,7
2353,2839,0.648,0.934,0.3055656130602371,0.5368337170430391,21,22,10,4,17,32,1,7
2353,2840,0.566,0.929,0.32912890660382443,0.5503690963356654,21,22,10,4,18,32,1,7
2353,2841,0.492,0.924,0.3554972044807281,0.5663914312303125,21,22,10,4,19,32,1,7
2353,2842,0.458,0.917,0.3854786622645977,0.5866102757994958,21,22,10,4,20,32,1,7
2353,2843,0.487,0.91,0.39268447414038266,0.5951902366131364,21,22,10,4,21,32,1,7
2353,2844,1,1,0.31045411034376236,0.5146421388977465,21,22,10,4,22,32,1,7
2353,2854,0.924,0.957,0.25638948821297447,0.49069152069625477,21,22,10,4,10,33,1,7
2353,2855,0.904,0.955,0.2531100555174889,0.49152158274142876,21,22,10,4,11,33,1,7
2353,2856,0.879,0.953,0.2537967977043266,0.4946482198715645,21,22,10,4,12,33,1,7
2353,2857,0.846,0.95,0.25694347865371947,0.4992562328009359,21,22,10,4,13,33,1,7
2353,2858,0.804,0.948,0.26294807990053093,0.5057127668318186,21,22,10,4,14,33,1,7
2353,2859,0.752,0.945,0.2735343382369122,0.5149558472250444,21,22,10,4,15,33,1,7
2353,2860,0.689,0.942,0.2875422006168882,0.5257877312133643,21,22,10,4,16,33,1,7
2353,2861,0.616,0.938,0.3065202484315427,0.5375901330167214,21,22,10,4,17,33,1,7
2353,2862,0.542,0.934,0.3284589078444268,0.5502473521549973,21,22,10,4,18,33,1,7
2353,2863,0.483,0.929,0.3524126780215171,0.5651019298386435,21,22,10,4,19,33,1,7
2353,2864,0.461,0.923,0.3788435902137003,0.5833714165389767,21,22,10,4,20,33,1,7
2353,2865,0.503,0.917,0.38142923105179705,0.5896016862410303,21,22,10,4,21,33,1,7
2353,2866,1,1,0.30602760374023696,0.5136779764952668,21,22,10,4,22,33,1,7
2353,2877,0.906,0.959,0.25382425471689485,0.49122637138928593,21,22,10,4,10,34,1,7
2353,2878,0.883,0.957,0.25163238497667595,0.49245303955843844,21,22,10,4,11,34,1,7
2353,2879,0.854,0.955,0.2531737637268634,0.495857264562233,21,22,10,4,12,34,1,7
2353,2880,0.818,0.953,0.25706654387306005,0.5006824053865426,21,22,10,4,13,34,1,7
2353,2881,0.774,0.95,0.2636601217113095,0.5072670170341725,21,22,10,4,14,34,1,7
2353,2882,0.72,0.948,0.27462158887318233,0.5164037175548639,21,22,10,4,15,34,1,7
2353,2883,0.658,0.945,0.28888199900532874,0.5269249293315492,21,22,10,4,16,34,1,7
2353,2884,0.589,0.942,0.30746186983760293,0.5381813926829279,21,22,10,4,17,34,1,7
2353,2885,0.524,0.938,0.3278570899435347,0.5500501439543721,21,22,10,4,18,34,1,7
2353,2886,0.477,0.934,0.34973248211083785,0.5638903134239626,21,22,10,4,19,34,1,7
2353,2887,0.464,0.929,0.3729927315501259,0.58051546762245,21,22,10,4,20,34,1,7
2353,2888,0.518,0.924,0.37178478445841057,0.5848671030133838,21,22,10,4,21,34,1,7
2353,2889,1,1,0.30254337756785155,0.5128620936548878,21,22,10,4,22,34,1,7
2353,2901,0.886,0.96,0.2520336679398054,0.4918695490032242,21,22,10,4,10,35,1,7
2353,2902,0.861,0.959,0.25079738425948384,0.49343571443150036,21,22,10,4,11,35,1,7
2353,2903,0.829,0.957,0.2530651381837633,0.49706693251965295,21,22,10,4,12,35,1,7
2353,2904,0.791,0.955,0.2575475365280998,0.5020567768637487,21,22,10,4,13,35,1,7
2353,2905,0.745,0.953,0.2646664456422806,0.5087159544519142,21,22,10,4,14,35,1,7
2353,2906,0.691,0.95,0.27592148862736043,0.5177132833639104,21,22,10,4,15,35,1,7
2353,2907,0.63,0.948,0.2903052923866508,0.527913865774462,21,22,10,4,16,35,1,7
2353,2908,0.567,0.945,0.30838469137966074,0.5386537969561018,21,22,10,4,17,35,1,7
2353,2909,0.51,0.942,0.3273545792902842,0.5498173330219019,21,22,10,4,18,35,1,7
2353,2910,0.474,0.938,0.3473887506444311,0.5627687891551196,21,22,10,4,19,35,1,7
2353,2911,0.466,0.934,0.3678045349158563,0.577981137073088,21,22,10,4,20,35,1,7
2353,2912,0.532,0.929,0.3634847952671908,0.5807830261028384,21,22,10,4,21,35,1,7
2353,2913,1,1,0.2998674455772107,0.5121405815149579,21,22,10,4,22,35,1,7
2353,2981,1,1,0.3018601020297631,0.4895530913489503,21,22,10,4,10,21,4,7
2353,2982,1,1,0.3016264011572002,0.49010463536800375,21,22,10,4,11,21,4,7
2353,2983,1,1,0.30386713629824225,0.49182040807670024,21,22,10,4,12,21,4,7
2353,2984,1,1,0.31014691426018026,0.4955201291408017,21,22,10,4,13,21,4,7
2353,2985,1,1,0.32187645172318347,0.5020635647650646,21,22,10,4,14,21,4,7
2353,2986,1,1,0.33731365899104715,0.5107443757746346,21,22,10,4,15,21,4,7
2353,2987,1,1,0.35872409793743487,0.5215774008257241,21,22,10,4,16,21,4,7
2353,2988,1,1,0.39649086849313986,0.535477961083481,21,22,10,4,17,21,4,7
2353,2989,1,1,0.4665422268591817,0.5564713435032964,21,22,10,4,18,21,4,7
2353,2990,1,1,0.5457763342800495,0.5782463990185078,21,22,10,4,19,21,4,7
2353,2991,1,1,0.6704047478387236,0.6143363658186514,21,22,10,4,20,21,4,7
2353,2992,1,0.917,0.2822187155061605,0.48239813115375796,21,22,10,4,10,22,4,7
2353,2993,1,0.91,0.28237345100420963,0.4833282329477554,21,22,10,4,11,22,4,7
2353,2994,1,0.901,0.28478829880796097,0.48542051886067983,21,22,10,4,12,22,4,7
2353,2995,1,0.889,0.2902880066553748,0.4892336169548124,21,22,10,4,13,22,4,7
2353,2996,1,0.876,0.2993997759535111,0.49504965931685085,21,22,10,4,14,22,4,7
2353,2997,1,0.857,0.3110867604901767,0.5022476071599693,21,22,10,4,15,22,4,7
2353,2998,1,0.834,0.32850183797800603,0.510783317155899,21,22,10,4,16,22,4,7
2353,2999,1,0.8,0.3586127088690474,0.5210445933285084,21,22,10,4,17,22,4,7
2353,3000,0.999,0.75,0.39964897328439575,0.5329277064633016,21,22,10,4,18,22,4,7
2353,3001,0.996,0.667,0.4418030795072956,0.5462050465514349,21,22,10,4,19,22,4,7
2353,3002,0.977,0.501,0.5216447052914662,0.5809687926264766,21,22,10,4,20,22,4,7
2353,3003,0.767,0,0.7286317267538389,0.7167073441270897,21,22,10,4,21,22,4,7
2353,3004,1,0.923,0.2666534844330788,0.4775677126383491,21,22,10,4,10,23,4,7
2353,3005,1,0.917,0.26718707061039204,0.47905356331865356,21,22,10,4,11,23,4,7
2353,3006,0.999,0.909,0.2696997059935373,0.48171124819869104,21,22,10,4,12,23,4,7
2353,3007,0.999,0.901,0.27448869223697525,0.48595659753594656,21,22,10,4,13,23,4,7
2353,3008,0.997,0.889,0.28180755950053304,0.491921289830497,21,22,10,4,14,23,4,7
2353,3009,0.995,0.876,0.2914373651578729,0.499349488931636,21,22,10,4,15,23,4,7
2353,3010,0.99,0.857,0.30692092558706574,0.5086172903122899,21,22,10,4,16,23,4,7
2353,3011,0.978,0.834,0.33117421578646866,0.5207956239730195,21,22,10,4,17,23,4,7
2353,3012,0.948,0.8,0.3626116364746741,0.5385409971847219,21,22,10,4,18,23,4,7
2353,3013,0.864,0.751,0.412228061167745,0.5725383035064003,21,22,10,4,19,23,4,7
2353,3014,0.625,0.667,0.5390048283795807,0.6567381866591828,21,22,10,4,20,23,4,7
2353,3015,0.289,0.501,0.753476662429478,0.7926331361465235,21,22,10,4,21,23,4,7
2353,3016,1,1,0.6397009666646669,0.607807982329285,21,22,10,4,22,23,4,7
2353,3017,0.996,0.929,0.25453622592711667,0.4761787121510347,21,22,10,4,10,24,4,7
2353,3018,0.994,0.924,0.2556283802530551,0.47868519597228787,21,22,10,4,11,24,4,7
2353,3019,0.991,0.917,0.2583930544769556,0.48253535925259883,21,22,10,4,12,24,4,7
2353,3020,0.986,0.91,0.2631701627668296,0.4881536203065664,21,22,10,4,13,24,4,7
2353,3021,0.976,0.9,0.27046104409447524,0.49578765764718524,21,22,10,4,14,24,4,7
2353,3022,0.96,0.889,0.281186594700638,0.5056430523141235,21,22,10,4,15,24,4,7
2353,3023,0.93,0.875,0.29921459412467555,0.5185763556362107,21,22,10,4,16,24,4,7
2353,3024,0.874,0.858,0.3270300507734065,0.5362672049725861,21,22,10,4,17,24,4,7
2353,3025,0.77,0.834,0.36839389422913316,0.5624430864555856,21,22,10,4,18,24,4,7
2353,3026,0.595,0.8,0.43858094860509145,0.6060760080116647,21,22,10,4,19,24,4,7
2353,3027,0.408,0.751,0.5468479297017179,0.6721022667892427,21,22,10,4,20,24,4,7
2353,3028,0.499,0.667,0.5506784697605321,0.6648305861265522,21,22,10,4,21,24,4,7
2353,3029,1,1,0.4947862738516414,0.5683076183484892,21,22,10,4,22,24,4,7
2353,3031,0.983,0.934,0.24608257310334058,0.4779923271265617,21,22,10,4,10,25,4,7
2353,3032,0.975,0.929,0.24813732567632552,0.48177093688981376,21,22,10,4,11,25,4,7
2353,3033,0.964,0.924,0.2518249481219421,0.4870904827118757,21,22,10,4,12,25,4,7
2353,3034,0.946,0.917,0.25799639265508434,0.4943828805451731,21,22,10,4,13,25,4,7
2353,3035,0.92,0.91,0.26749593257205384,0.5039473990759971,21,22,10,4,14,25,4,7
2353,3036,0.878,0.9,0.28225430297594045,0.5161099798769377,21,22,10,4,15,25,4,7
2353,3037,0.813,0.889,0.3057472070974646,0.5315727218339853,21,22,10,4,16,25,4,7
2353,3038,0.716,0.875,0.33905264338081287,0.5514733392168062,21,22,10,4,17,25,4,7
2353,3039,0.587,0.858,0.3840893335549207,0.5780574782783048,21,22,10,4,18,25,4,7
2353,3040,0.46,0.834,0.4435934678930352,0.613697184733627,21,22,10,4,19,25,4,7
2353,3041,0.416,0.8,0.4949806745855654,0.6443820601291799,21,22,10,4,20,25,4,7
2353,3042,0.712,0.75,0.42678717898804897,0.6012780428763944,21,22,10,4,21,25,4,7
2353,3043,1,1,0.4339380171766688,0.5545728033927246,21,22,10,4,22,25,4,7
2353,3046,0.954,0.938,0.24156157851413507,0.481936429344173,21,22,10,4,10,26,4,7
2353,3047,0.937,0.934,0.24498656075802594,0.4869185707380441,21,22,10,4,11,26,4,7
2353,3048,0.913,0.929,0.25047880690320556,0.49353616833381364,21,22,10,4,12,26,4,7
2353,3049,0.88,0.923,0.25903309867700886,0.5021569362563093,21,22,10,4,13,26,4,7
2353,3050,0.833,0.917,0.2718040392882459,0.5129883610617212,21,22,10,4,14,26,4,7
2353,3051,0.768,0.909,0.29085236133615144,0.5261892554874634,21,22,10,4,15,26,4,7
2353,3052,0.684,0.9,0.31771961929420145,0.5419906468749245,21,22,10,4,16,26,4,7
2353,3053,0.583,0.889,0.35053471500825795,0.5607405978198943,21,22,10,4,17,26,4,7
2353,3054,0.488,0.875,0.38835517098462646,0.5830868741221431,21,22,10,4,18,26,4,7
2353,3055,0.44,0.858,0.4271000193008634,0.6071343559581621,21,22,10,4,19,26,4,7
2353,3056,0.456,0.834,0.43859525465354954,0.6160069090558737,21,22,10,4,20,26,4,7
2353,3057,0.832,0.8,0.3702007694487971,0.5712185437678533,21,22,10,4,21,26,4,7
2353,3058,1,1,0.4085732445270417,0.5498369480756626,21,22,10,4,22,26,4,7
2353,3062,0.909,0.942,0.24068640872084412,0.48695594456315794,21,22,10,4,10,27,4,7
2353,3063,0.881,0.938,0.24584639166333933,0.49287952764692156,21,22,10,4,11,27,4,7
2353,3064,0.844,0.934,0.2534516540930961,0.5003985505549158,21,22,10,4,12,27,4,7
2353,3065,0.797,0.929,0.2644811334471391,0.5097602845613171,21,22,10,4,13,27,4,7
2353,3066,0.736,0.923,0.28011464790975504,0.5210042138781571,21,22,10,4,14,27,4,7
2353,3067,0.663,0.917,0.30138585755727687,0.534039761654902,21,22,10,4,15,27,4,7
2353,3068,0.582,0.91,0.32737920895362693,0.5486837364568928,21,22,10,4,16,27,4,7
2353,3069,0.506,0.9,0.35508403953060064,0.5647784408359068,21,22,10,4,17,27,4,7
2353,3070,0.458,0.889,0.38299318395157755,0.582058146411286,21,22,10,4,18,27,4,7
2353,3071,0.448,0.875,0.4045090700605196,0.5970312808851055,21,22,10,4,19,27,4,7
2353,3072,0.527,0.857,0.3959924725849432,0.5954117788890425,21,22,10,4,20,27,4,7
2353,3073,0.897,0.834,0.3462462116461299,0.5568366058511003,21,22,10,4,21,27,4,7
2353,3074,1,1,0.40000853008775406,0.5495258246339839,21,22,10,4,22,27,4,7
2353,3079,0.852,0.945,0.2427904403694977,0.4922743695707035,21,22,10,4,10,28,4,7
2353,3080,0.814,0.942,0.24961734495966204,0.4988156767476546,21,22,10,4,11,28,4,7
2353,3081,0.768,0.938,0.25908734628718544,0.5068062019385187,21,22,10,4,12,28,4,7
2353,3082,0.713,0.934,0.27205513414318216,0.5163576648077716,21,22,10,4,13,28,4,7
2353,3083,0.649,0.929,0.28897464345699664,0.5273461114907297,21,22,10,4,14,28,4,7
2353,3084,0.581,0.924,0.3099614743545025,0.5394881454801129,21,22,10,4,15,28,4,7
2353,3085,0.518,0.917,0.332708569641609,0.55237897030667,21,22,10,4,16,28,4,7
2353,3086,0.474,0.909,0.35454615264709577,0.5656711881249128,21,22,10,4,17,28,4,7
2353,3087,0.458,0.9,0.3737588623320959,0.5787228323251591,21,22,10,4,18,28,4,7
2353,3088,0.466,0.889,0.38382099828715177,0.5877794616225254,21,22,10,4,19,28,4,7
2353,3089,0.607,0.876,0.3673305168258937,0.5816903758668803,21,22,10,4,20,28,4,7
2353,3090,0.934,0.857,0.33792796119030255,0.5500516620266247,21,22,10,4,21,28,4,7
2353,3091,1,1,0.39606740523980444,0.5500890969222427,21,22,10,4,22,28,4,7
2353,3097,0.789,0.948,0.24684407119969998,0.49741017475302185,21,22,10,4,10,29,4,7
2353,3098,0.745,0.945,0.2550703067597281,0.5042718773003253,21,22,10,4,11,29,4,7
2353,3099,0.695,0.941,0.2658353362196775,0.5123802001220921,21,22,10,4,12,29,4,7
2353,3100,0.639,0.938,0.2795816411536929,0.5217296183485902,21,22,10,4,13,29,4,7
2353,3101,0.581,0.934,0.2965779587921723,0.5320811072271863,21,22,10,4,14,29,4,7
2353,3102,0.527,0.929,0.3160964169926497,0.5430529165771698,21,22,10,4,15,29,4,7
2353,3103,0.486,0.923,0.334833379304065,0.5541794196915182,21,22,10,4,16,29,4,7
2353,3104,0.466,0.917,0.35136999495939025,0.5650983637129445,21,22,10,4,17,29,4,7
2353,3105,0.462,0.91,0.36427939160210376,0.5750430712726016,21,22,10,4,18,29,4,7
2353,3106,0.498,0.9,0.36722981849697367,0.5804427536973187,21,22,10,4,19,29,4,7
2353,3107,0.679,0.889,0.34979137392117166,0.5726260450746585,21,22,10,4,20,29,4,7
2353,3108,0.956,0.876,0.3354168309789608,0.5466715492293521,21,22,10,4,21,29,4,7
2353,3109,1,1,0.3896931431516393,0.5496426224545943,21,22,10,4,22,29,4,7
2353,3116,0.727,0.95,0.2519461383980077,0.5021230081772352,21,22,10,4,10,30,4,7
2353,3117,0.681,0.948,0.26102769972185247,0.5090761082557407,21,22,10,4,11,30,4,7
2353,3118,0.632,0.945,0.27239097889598207,0.5170607977157791,21,22,10,4,12,30,4,7
2353,3119,0.581,0.942,0.28641124721943045,0.5259866752795388,21,22,10,4,13,30,4,7
2353,3120,0.534,0.938,0.30279607147282706,0.5355534857162073,21,22,10,4,14,30,4,7
2353,3121,0.496,0.934,0.3199176741274937,0.5453548866203038,21,22,10,4,15,30,4,7
2353,3122,0.474,0.929,0.33499121540580556,0.5549487203263509,21,22,10,4,16,30,4,7
2353,3123,0.467,0.923,0.3476046934491699,0.5640110265853566,21,22,10,4,17,30,4,7
2353,3124,0.473,0.917,0.35589622716146496,0.5717240682407079,21,22,10,4,18,30,4,7
2353,3125,0.54,0.91,0.35463672432468074,0.5747719963477897,21,22,10,4,19,30,4,7
2353,3126,0.741,0.901,0.338139920571074,0.5662653533354429,21,22,10,4,20,30,4,7
2353,3127,0.97,0.889,0.3338515138731637,0.5444065519736612,21,22,10,4,21,30,4,7
2353,3128,1,1,0.3816497003514655,0.5478163082951828,21,22,10,4,22,30,4,7
2353,3136,0.67,0.953,0.25727466136788946,0.5063354437373795,21,22,10,4,10,31,4,7
2353,3137,0.626,0.95,0.26690404849621097,0.5132245554202803,21,22,10,4,11,31,4,7
2353,3138,0.581,0.948,0.27859695410408125,0.520944712037871,21,22,10,4,12,31,4,7
2353,3139,0.539,0.945,0.2924003802922951,0.5293518367670236,21,22,10,4,13,31,4,7
2353,3140,0.504,0.941,0.307542358646296,0.5381243178288536,21,22,10,4,14,31,4,7
2353,3141,0.481,0.938,0.3221790619491862,0.5468710042415075,21,22,10,4,15,31,4,7
2353,3142,0.472,0.934,0.3344314701259943,0.5551997232201674,21,22,10,4,16,31,4,7
2353,3143,0.471,0.929,0.34389728193129443,0.562819104775647,21,22,10,4,17,31,4,7
2353,3144,0.491,0.924,0.34864810372468746,0.568866776106832,21,22,10,4,18,31,4,7
2353,3145,0.586,0.917,0.3444273365382057,0.5702505968253269,21,22,10,4,19,31,4,7
2353,3146,0.791,0.909,0.3300227312715761,0.561370316559175,21,22,10,4,20,31,4,7
2353,3147,0.978,0.901,0.33260631704493226,0.5423171530248182,21,22,10,4,21,31,4,7
2353,3148,1,1,0.3725072248600918,0.5450252785745868,21,22,10,4,22,31,4,7
2353,3157,0.621,0.955,0.2626329003178892,0.5100598485425732,21,22,10,4,10,32,4,7
2353,3158,0.581,0.953,0.2725933757395289,0.5167894440848324,21,22,10,4,11,32,4,7
2353,3159,0.543,0.95,0.28425694854766115,0.524175354325181,21,22,10,4,12,32,4,7
2353,3160,0.511,0.948,0.2974366214056261,0.5320435032963957,21,22,10,4,13,32,4,7
2353,3161,0.488,0.945,0.31119508427604037,0.5400742811239292,21,22,10,4,14,32,4,7
2353,3162,0.477,0.942,0.32362518024361886,0.5479063561604298,21,22,10,4,15,32,4,7
2353,3163,0.474,0.938,0.33348659275652526,0.5551947528287953,21,22,10,4,16,32,4,7
2353,3164,0.478,0.934,0.34021406253098985,0.5616564005793822,21,22,10,4,17,32,4,7
2353,3165,0.517,0.929,0.3420440410502429,0.5663723173067243,21,22,10,4,18,32,4,7
2353,3166,0.632,0.924,0.33601644908350037,0.5664284191261226,21,22,10,4,19,32,4,7
2353,3167,0.83,0.917,0.324545879992744,0.5571989599024874,21,22,10,4,20,32,4,7
2353,3168,0.984,0.91,0.33077333442301726,0.5400038167831518,21,22,10,4,21,32,4,7
2353,3169,1,1,0.362588043854295,0.5415507709038389,21,22,10,4,22,32,4,7
2353,3179,0.581,0.957,0.26787916746380436,0.513346294271734,21,22,10,4,10,33,4,7
2353,3180,0.547,0.955,0.277895400595939,0.5198626738180783,21,22,10,4,11,33,4,7
2353,3181,0.517,0.953,0.28931069192611214,0.5268882013106531,21,22,10,4,12,33,4,7
2353,3182,0.494,0.95,0.3017259647150894,0.534234297797149,21,22,10,4,13,33,4,7
2353,3183,0.481,0.948,0.3140219359771743,0.5415939789953081,21,22,10,4,14,33,4,7
2353,3184,0.477,0.945,0.3245038618836298,0.5486357629978784,21,22,10,4,15,33,4,7
2353,3185,0.476,0.942,0.33211140235675196,0.5550471534192857,21,22,10,4,16,33,4,7
2353,3186,0.49,0.938,0.3364118359667311,0.5605271961805236,21,22,10,4,17,33,4,7
2353,3187,0.547,0.934,0.3360261485564462,0.5640884489812683,21,22,10,4,18,33,4,7
2353,3188,0.676,0.929,0.3295949001088587,0.5629648104895114,21,22,10,4,19,33,4,7
2353,3189,0.862,0.923,0.3205346360668657,0.5533219097815345,21,22,10,4,20,33,4,7
2353,3190,0.988,0.917,0.327911750400672,0.537351325405472,21,22,10,4,21,33,4,7
2353,3191,1,1,0.35260067689463315,0.53766944605056,21,22,10,4,22,33,4,7
2353,3202,0.549,0.959,0.27287086547260464,0.5162550395781158,21,22,10,4,10,34,4,7
2353,3203,0.522,0.957,0.2828139087754342,0.5225316258021262,21,22,10,4,11,34,4,7
2353,3204,0.5,0.955,0.2938168119296416,0.5291949424048694,21,22,10,4,12,34,4,7
2353,3205,0.486,0.953,0.30534506222089075,0.5360506949543534,21,22,10,4,13,34,4,7
2353,3206,0.479,0.95,0.3161868073541262,0.5428069050725663,21,22,10,4,14,34,4,7
2353,3207,0.478,0.948,0.3247077093128008,0.549154975815566,21,22,10,4,15,34,4,7
2353,3208,0.481,0.945,0.3303080877492989,0.5547975047462058,21,22,10,4,16,34,4,7
2353,3209,0.507,0.942,0.33275757819395835,0.5593948392235732,21,22,10,4,17,34,4,7
2353,3210,0.579,0.938,0.33109874644657933,0.5618881490841459,21,22,10,4,18,34,4,7
2353,3211,0.715,0.934,0.3244625473096705,0.5596540856595815,21,22,10,4,19,34,4,7
2353,3212,0.887,0.929,0.317244001298186,0.549554449041352,21,22,10,4,20,34,4,7
2353,3213,0.991,0.924,0.3246174700611688,0.5344465125332827,21,22,10,4,21,34,4,7
2353,3214,1,1,0.34356938641243573,0.5337011387516796,21,22,10,4,22,34,4,7
2353,3226,0.526,0.96,0.27757461396265926,0.5188471261178751,21,22,10,4,10,35,4,7
2353,3227,0.505,0.959,0.2873061407266365,0.5248745824150267,21,22,10,4,11,35,4,7
2353,3228,0.49,0.957,0.297772619911013,0.5311867072079602,21,22,10,4,12,35,4,7
2353,3229,0.482,0.955,0.30834587035467875,0.5375876182156859,21,22,10,4,13,35,4,7
2353,3230,0.48,0.953,0.3176321741090117,0.5437983458100469,21,22,10,4,14,35,4,7
2353,3231,0.48,0.95,0.3243677182637489,0.5495243174066555,21,22,10,4,15,35,4,7
2353,3232,0.49,0.948,0.32855354151405447,0.5544684159278761,21,22,10,4,16,35,4,7
2353,3233,0.527,0.945,0.3296529559280875,0.5582405090397067,21,22,10,4,17,35,4,7
2353,3234,0.612,0.942,0.32695564018796075,0.5597204036692108,21,22,10,4,18,35,4,7
2353,3235,0.75,0.938,0.32039432639496535,0.5564459128871202,21,22,10,4,19,35,4,7
2353,3236,0.907,0.934,0.31483137881524403,0.5459296341923816,21,22,10,4,20,35,4,7
2353,3237,0.993,0.929,0.3218903011723526,0.5315541211788628,21,22,10,4,21,35,4,7
2353,3238,1,1,0.3364216179855889,0.5300648627830247,21,22,10,4,22,35,4,7
2353,3306,1,1,0.2857057221669044,0.48505082126866517,21,22,10,4,10,21,7,7
2353,3307,1,1,0.2908489062053301,0.4881685727604178,21,22,10,4,11,21,7,7
2353,3308,1,1,0.2984183036411402,0.49269722489343415,21,22,10,4,12,21,7,7
2353,3309,1,1,0.3088684997602116,0.49873582024913043,21,22,10,4,13,21,7,7
2353,3310,1,1,0.3222095779262396,0.5061202739636577,21,22,10,4,14,21,7,7
2353,3311,1,1,0.3405537931223629,0.5150353210130816,21,22,10,4,15,21,7,7
2353,3312,1,1,0.37025566021418943,0.5262156645205801,21,22,10,4,16,21,7,7
2353,3313,1,1,0.4182465262488684,0.5413019237687814,21,22,10,4,17,21,7,7
2353,3314,1,1,0.47773212551612665,0.5582411285739086,21,22,10,4,18,21,7,7
2353,3315,1,1,0.5538187087784825,0.5796521133094239,21,22,10,4,19,21,7,7
2353,3316,1,1,0.6720338626181106,0.6181669896860382,21,22,10,4,20,21,7,7
2353,3317,1,0.917,0.269537626976575,0.47996368952747437,21,22,10,4,10,22,7,7
2353,3318,1,0.91,0.27414253947988887,0.4832041802346342,21,22,10,4,11,22,7,7
2353,3319,1,0.901,0.28055453236947614,0.4874869199867161,21,22,10,4,12,22,7,7
2353,3320,1,0.889,0.2889584942661162,0.49276208031941493,21,22,10,4,13,22,7,7
2353,3321,1,0.876,0.29997268335254346,0.49891411122445983,21,22,10,4,14,22,7,7
2353,3322,1,0.857,0.3163117880626889,0.5060241412363631,21,22,10,4,15,22,7,7
2353,3323,0.999,0.834,0.3404295404882042,0.5141791925193613,21,22,10,4,16,22,7,7
2353,3324,0.998,0.8,0.3706232204137845,0.5232442629278307,21,22,10,4,17,22,7,7
2353,3325,0.996,0.75,0.4030588768459543,0.5337183376195156,21,22,10,4,18,22,7,7
2353,3326,0.985,0.667,0.44979579356890254,0.553459367265841,21,22,10,4,19,22,7,7
2353,3327,0.934,0.501,0.5525262508767119,0.6064881558685438,21,22,10,4,20,22,7,7
2353,3328,0.57,0,0.7989348001161416,0.7942683637798998,21,22,10,4,21,22,7,7
2353,3329,0.998,0.923,0.2568290727214053,0.47821570074443465,21,22,10,4,10,23,7,7
2353,3330,0.997,0.917,0.2610256076668199,0.4820823772597609,21,22,10,4,11,23,7,7
2353,3331,0.995,0.909,0.2667172594360342,0.48701613349560324,21,22,10,4,12,23,7,7
2353,3332,0.992,0.901,0.27434982003449704,0.4931109549721985,21,22,10,4,13,23,7,7
2353,3333,0.986,0.889,0.2850580563797156,0.5005901126012031,21,22,10,4,14,23,7,7
2353,3334,0.975,0.876,0.30092902787079845,0.509995180446763,21,22,10,4,15,23,7,7
2353,3335,0.954,0.857,0.32261809712850376,0.5223771308463598,21,22,10,4,16,23,7,7
2353,3336,0.912,0.834,0.3509264766900092,0.5403398270315509,21,22,10,4,17,23,7,7
2353,3337,0.822,0.8,0.3963926951381538,0.5708083727731061,21,22,10,4,18,23,7,7
2353,3338,0.641,0.751,0.48680446154780566,0.6289416476244393,21,22,10,4,19,23,7,7
2353,3339,0.378,0.667,0.6414989712889324,0.7271405513585336,21,22,10,4,20,23,7,7
2353,3340,0.54,0.501,0.6537750188262335,0.7125155986531381,21,22,10,4,21,23,7,7
2353,3341,1,1,0.6538178668714376,0.6126441790281194,21,22,10,4,22,23,7,7
2353,3342,0.978,0.929,0.24874489905360453,0.482861745063225,21,22,10,4,10,24,7,7
2353,3343,0.969,0.924,0.25377806370895584,0.4884941604567854,21,22,10,4,11,24,7,7
2353,3344,0.955,0.917,0.26089684321363193,0.4956149448994204,21,22,10,4,12,24,7,7
2353,3345,0.933,0.91,0.27108079284720243,0.5045325576663088,21,22,10,4,13,24,7,7
2353,3346,0.899,0.9,0.28623746807117434,0.515746093211641,21,22,10,4,14,24,7,7
2353,3347,0.847,0.889,0.30835973192040234,0.5300420315711254,21,22,10,4,15,24,7,7
2353,3348,0.768,0.875,0.33856796438992764,0.5487230269794057,21,22,10,4,16,24,7,7
2353,3349,0.655,0.858,0.3807741302085942,0.5742134011307731,21,22,10,4,17,24,7,7
2353,3350,0.517,0.834,0.4404588051079089,0.6097926258826554,21,22,10,4,18,24,7,7
2353,3351,0.415,0.8,0.5128508684021948,0.65270141621027,21,22,10,4,19,24,7,7
2353,3352,0.414,0.751,0.5437008367623017,0.667142882710132,21,22,10,4,20,24,7,7
2353,3353,0.888,0.667,0.4464281579817213,0.5888374062207643,21,22,10,4,21,24,7,7
2353,3354,1,1,0.5286369846764805,0.5815408567211647,21,22,10,4,22,24,7,7
2353,3356,0.92,0.934,0.2480426650695543,0.49206455509940217,21,22,10,4,10,25,7,7
2353,3357,0.893,0.929,0.25572044873821,0.49954275969264095,21,22,10,4,11,25,7,7
2353,3358,0.857,0.924,0.2665706829110136,0.5086906604681285,21,22,10,4,12,25,7,7
2353,3359,0.808,0.917,0.2819062822927427,0.5197560651014514,21,22,10,4,13,25,7,7
2353,3360,0.743,0.91,0.3031737055508925,0.5330337622956731,21,22,10,4,14,25,7,7
2353,3361,0.662,0.9,0.3306460275335361,0.5488426614445945,21,22,10,4,15,25,7,7
2353,3362,0.57,0.889,0.3632763378415006,0.5675969104687646,21,22,10,4,16,25,7,7
2353,3363,0.485,0.875,0.400955897804225,0.5895928336895606,21,22,10,4,17,25,7,7
2353,3364,0.437,0.858,0.43971534017549563,0.6128007035684702,21,22,10,4,18,25,7,7
2353,3365,0.432,0.834,0.4614808158763688,0.6264203847539261,21,22,10,4,19,25,7,7
2353,3366,0.612,0.8,0.4277429177551635,0.6067326388848169,21,22,10,4,20,25,7,7
2353,3367,0.969,0.75,0.3899578738068916,0.5562713892912587,21,22,10,4,21,25,7,7
2353,3368,1,1,0.4785832630203164,0.57196757428491,21,22,10,4,22,25,7,7
2353,3371,0.826,0.938,0.2546096456312974,0.5026039728488569,21,22,10,4,10,26,7,7
2353,3372,0.782,0.934,0.26555655043497006,0.511182899090241,21,22,10,4,11,26,7,7
2353,3373,0.729,0.929,0.28020972068522887,0.5212083664650555,21,22,10,4,12,26,7,7
2353,3374,0.666,0.923,0.2991037899775886,0.5327010426429333,21,22,10,4,13,26,7,7
2353,3375,0.597,0.917,0.32212637365559504,0.5455950807848787,21,22,10,4,14,26,7,7
2353,3376,0.53,0.909,0.3469429891509772,0.559696591065681,21,22,10,4,15,26,7,7
2353,3377,0.476,0.9,0.3723953332642068,0.574674784753727,21,22,10,4,16,26,7,7
2353,3378,0.45,0.889,0.3961340867091081,0.5894995617979732,21,22,10,4,17,26,7,7
2353,3379,0.446,0.875,0.4115400900711229,0.6004894335802904,21,22,10,4,18,26,7,7
2353,3380,0.517,0.858,0.4046479164120388,0.5989137621145867,21,22,10,4,19,26,7,7
2353,3381,0.784,0.834,0.36938820516558857,0.5756925045479189,21,22,10,4,20,26,7,7
2353,3382,0.99,0.8,0.38027164118408296,0.5493691294566776,21,22,10,4,21,26,7,7
2353,3383,1,1,0.47231614899380914,0.5731742246943176,21,22,10,4,22,26,7,7
2353,3387,0.72,0.942,0.26551950863303864,0.5123087426633699,21,22,10,4,10,27,7,7
2353,3388,0.669,0.938,0.2787816686537592,0.5211070909044344,21,22,10,4,11,27,7,7
2353,3389,0.614,0.934,0.2949214874911049,0.5309031769956398,21,22,10,4,12,27,7,7
2353,3390,0.559,0.929,0.3136289704794093,0.5415176774772681,21,22,10,4,13,27,7,7
2353,3391,0.51,0.923,0.33336108636912276,0.5526545125621778,21,22,10,4,14,27,7,7
2353,3392,0.475,0.917,0.35208345203032754,0.563893493751598,21,22,10,4,15,27,7,7
2353,3393,0.459,0.91,0.3686533152048477,0.5746453924082549,21,22,10,4,16,27,7,7
2353,3394,0.456,0.9,0.3804576811126499,0.5835671265092677,21,22,10,4,17,27,7,7
2353,3395,0.489,0.889,0.38206154620300103,0.5873747944345393,21,22,10,4,18,27,7,7
2353,3396,0.637,0.875,0.36692128364170473,0.5807427167150341,21,22,10,4,19,27,7,7
2353,3397,0.884,0.857,0.3502258215389472,0.5621493747415196,21,22,10,4,20,27,7,7
2353,3398,0.996,0.834,0.3874554077446065,0.5511142721792703,21,22,10,4,21,27,7,7
2353,3399,1,1,0.4717055969393288,0.5748889864591659,21,22,10,4,22,27,7,7
2353,3404,0.625,0.945,0.27707156338827554,0.5202476630296262,21,22,10,4,10,28,7,7
2353,3405,0.579,0.942,0.290747983547752,0.5286335709352472,21,22,10,4,11,28,7,7
2353,3406,0.536,0.938,0.3062835406403115,0.537562718540548,21,22,10,4,12,28,7,7
2353,3407,0.5,0.934,0.32257239369138757,0.5467635872406575,21,22,10,4,13,28,7,7
2353,3408,0.476,0.929,0.3375931460277394,0.5558814612829548,21,22,10,4,14,28,7,7
2353,3409,0.465,0.924,0.35038651377980023,0.5644922818086004,21,22,10,4,15,28,7,7
2353,3410,0.463,0.917,0.3601090130384461,0.5720208333234008,21,22,10,4,16,28,7,7
2353,3411,0.481,0.909,0.3643405196836288,0.5772366531278676,21,22,10,4,17,28,7,7
2353,3412,0.565,0.9,0.35985139992594406,0.5776455449475864,21,22,10,4,18,28,7,7
2353,3413,0.744,0.889,0.3479940945363217,0.5703077175795899,21,22,10,4,19,28,7,7
2353,3414,0.937,0.876,0.3494743212546665,0.5569394972863987,21,22,10,4,20,28,7,7
2353,3415,0.998,0.857,0.3942590834927161,0.553782247231048,21,22,10,4,21,28,7,7
2353,3416,1,1,0.45914979066031625,0.5726437307856269,21,22,10,4,22,28,7,7
2353,3422,0.555,0.948,0.28714048224742683,0.5263618283846317,21,22,10,4,10,29,7,7
2353,3423,0.521,0.945,0.300290560067769,0.5340367143014612,21,22,10,4,11,29,7,7
2353,3424,0.494,0.941,0.3139995535664789,0.5419104360677433,21,22,10,4,12,29,7,7
2353,3425,0.477,0.938,0.3268161644628954,0.5497050837197279,21,22,10,4,13,29,7,7
2353,3426,0.47,0.934,0.3376880051154666,0.5571007286514786,21,22,10,4,14,29,7,7
2353,3427,0.468,0.929,0.34624416945764513,0.5637452617657055,21,22,10,4,15,29,7,7
2353,3428,0.478,0.923,0.35139140973906136,0.5691356332571778,21,22,10,4,16,29,7,7
2353,3429,0.529,0.917,0.3515778241814975,0.5722070694595258,21,22,10,4,17,29,7,7
2353,3430,0.649,0.91,0.346082574639622,0.5710782426704295,21,22,10,4,18,29,7,7
2353,3431,0.825,0.9,0.3396708105373537,0.5641737897631064,21,22,10,4,19,29,7,7
2353,3432,0.964,0.889,0.3516168513119339,0.5543183478383358,21,22,10,4,20,29,7,7
2353,3433,0.999,0.876,0.39328846487134816,0.5538773002116726,21,22,10,4,21,29,7,7
2353,3434,1,1,0.4399535929738465,0.5670394035901041,21,22,10,4,22,29,7,7
2353,3441,0.512,0.95,0.29542372631643055,0.530993606091849,21,22,10,4,10,30,7,7
2353,3442,0.491,0.948,0.30720160344775527,0.5378964586412944,21,22,10,4,11,30,7,7
2353,3443,0.479,0.945,0.31855858164159356,0.5447746827167512,21,22,10,4,12,30,7,7
2353,3444,0.473,0.942,0.3284532647563121,0.5513801848602515,21,22,10,4,13,30,7,7
2353,3445,0.472,0.938,0.33636955593078677,0.5574470054544243,21,22,10,4,14,30,7,7
2353,3446,0.478,0.934,0.3417568756151109,0.5626832075577304,21,22,10,4,15,30,7,7
2353,3447,0.511,0.929,0.3438476792788553,0.5666246071072785,21,22,10,4,16,30,7,7
2353,3448,0.591,0.923,0.3417611392702261,0.5683110588134049,21,22,10,4,17,30,7,7
2353,3449,0.726,0.917,0.3365659484278696,0.566254699926612,21,22,10,4,18,30,7,7
2353,3450,0.881,0.91,0.3357302113830207,0.5596532418172031,21,22,10,4,19,30,7,7
2353,3451,0.979,0.901,0.3529035010600987,0.5516311802110276,21,22,10,4,20,30,7,7
2353,3452,1,0.889,0.38721722706754336,0.5515573519238941,21,22,10,4,21,30,7,7
2353,3453,1,1,0.4201289666138499,0.5605758121355172,21,22,10,4,22,30,7,7
2353,3461,0.49,0.953,0.3018612934015955,0.5345423770677961,21,22,10,4,10,31,7,7
2353,3462,0.48,0.95,0.31208038192754683,0.540723221831567,21,22,10,4,11,31,7,7
2353,3463,0.476,0.948,0.32136713580454424,0.5467426464779821,21,22,10,4,12,31,7,7
2353,3464,0.475,0.945,0.3288957140420651,0.5523860510041416,21,22,10,4,13,31,7,7
2353,3465,0.479,0.941,0.3343035200957224,0.5574272639361944,21,22,10,4,14,31,7,7
2353,3466,0.501,0.938,0.3372019728345217,0.5615987212322964,21,22,10,4,15,31,7,7
2353,3467,0.556,0.934,0.3368943032152073,0.5644310657836997,21,22,10,4,16,31,7,7
2353,3468,0.656,0.929,0.33380232258376563,0.5650118985476849,21,22,10,4,17,31,7,7
2353,3469,0.791,0.924,0.33057915588366604,0.5621183763176132,21,22,10,4,18,31,7,7
2353,3470,0.919,0.917,0.33399034418600326,0.5554602605024705,21,22,10,4,19,31,7,7
2353,3471,0.988,0.909,0.351418675094356,0.5482341607144252,21,22,10,4,20,31,7,7
2353,3472,1,0.901,0.3775375397500408,0.5477058175054406,21,22,10,4,21,31,7,7
2353,3473,1,1,0.3999293935088907,0.55375624429725,21,22,10,4,22,31,7,7
2353,3482,0.481,0.955,0.30692929720969453,0.537326579166943,21,22,10,4,10,32,7,7
2353,3483,0.478,0.953,0.3156476527099209,0.542866088152103,21,22,10,4,11,32,7,7
2353,3484,0.477,0.95,0.322943260894454,0.5481563485602012,21,22,10,4,12,32,7,7
2353,3485,0.48,0.948,0.3283079476509032,0.5530051659069201,21,22,10,4,13,32,7,7
2353,3486,0.496,0.945,0.3315638298032755,0.5572019274810716,21,22,10,4,14,32,7,7
2353,3487,0.535,0.942,0.3323102462259844,0.5604678848795128,21,22,10,4,15,32,7,7
2353,3488,0.608,0.938,0.3307802659939856,0.5622967999823457,21,22,10,4,16,32,7,7
2353,3489,0.716,0.934,0.32810407702180444,0.5617993090303013,21,22,10,4,17,32,7,7
2353,3490,0.841,0.929,0.32668227322736265,0.5579790536221872,21,22,10,4,18,32,7,7
2353,3491,0.944,0.924,0.3318785241954756,0.5509764044365941,21,22,10,4,19,32,7,7
2353,3492,0.992,0.917,0.34693165187348196,0.5440129271876435,21,22,10,4,20,32,7,7
2353,3493,1,0.91,0.3656153238861716,0.5428418081834174,21,22,10,4,21,32,7,7
2353,3494,1,1,0.38078057768543694,0.5467578546646868,21,22,10,4,22,32,7,7
2353,3504,0.48,0.957,0.3108686955643106,0.5395599340592423,21,22,10,4,10,33,7,7
2353,3505,0.479,0.955,0.3179358344797565,0.5445288814219393,21,22,10,4,11,33,7,7
2353,3506,0.482,0.953,0.32323449386659553,0.5491801708929152,21,22,10,4,12,33,7,7
2353,3507,0.493,0.95,0.3267948184872821,0.5533285649807839,21,22,10,4,13,33,7,7
2353,3508,0.521,0.948,0.3284025127358521,0.5567560954616824,21,22,10,4,14,33,7,7
2353,3509,0.576,0.945,0.3280504740076564,0.5591486456560387,21,22,10,4,15,33,7,7
2353,3510,0.66,0.942,0.3261055774897508,0.5599550742257355,21,22,10,4,16,33,7,7
2353,3511,0.769,0.938,0.3236330272149237,0.5583260754017463,21,22,10,4,17,33,7,7
2353,3512,0.88,0.934,0.32337492502008924,0.553519503368626,21,22,10,4,18,33,7,7
2353,3513,0.961,0.929,0.32885513191896765,0.5460938328431919,21,22,10,4,19,33,7,7
2353,3514,0.995,0.923,0.3409164163614873,0.5392613708606515,21,22,10,4,20,33,7,7
2353,3515,1,0.917,0.3537658204266434,0.5376117378425836,21,22,10,4,21,33,7,7
2353,3516,1,1,0.36409728198643165,0.5401360490564553,21,22,10,4,22,33,7,7
2353,3527,0.481,0.959,0.3135506492113206,0.5413768282423158,21,22,10,4,10,34,7,7
2353,3528,0.483,0.957,0.3189367667170251,0.5458224506813101,21,22,10,4,11,34,7,7
2353,3529,0.491,0.955,0.32281934370127874,0.5498831491989181,21,22,10,4,12,34,7,7
2353,3530,0.513,0.953,0.3251402301092716,0.5533671908800692,21,22,10,4,13,34,7,7
2353,3531,0.554,0.95,0.32561457739845967,0.5560342609918544,21,22,10,4,14,34,7,7
2353,3532,0.62,0.948,0.3244181072344742,0.5575280991698164,21,22,10,4,15,34,7,7
2353,3533,0.71,0.945,0.32215712465164703,0.5572717742997184,21,22,10,4,16,34,7,7
2353,3534,0.813,0.942,0.32011090262717123,0.5545065713762259,21,22,10,4,17,34,7,7
2353,3535,0.909,0.938,0.32053872312199105,0.5487955460424866,21,22,10,4,18,34,7,7
2353,3536,0.973,0.934,0.32581800501436053,0.5410904219463569,21,22,10,4,19,34,7,7
2353,3537,0.997,0.929,0.33508641468560785,0.5345203963908064,21,22,10,4,20,34,7,7
2353,3538,1,0.924,0.3437055866039508,0.5327183764174783,21,22,10,4,21,34,7,7
2353,3539,1,1,0.3513253753925485,0.5345072727273865,21,22,10,4,22,34,7,7
2353,3551,0.484,0.96,0.3153016454898764,0.5428762684103854,21,22,10,4,10,35,7,7
2353,3552,0.49,0.959,0.3195284588025875,0.5468279886508531,21,22,10,4,11,35,7,7
2353,3553,0.507,0.957,0.3223338601922364,0.5503224331203724,21,22,10,4,12,35,7,7
2353,3554,0.538,0.955,0.3235218774263421,0.5531538986642557,21,22,10,4,13,35,7,7
2353,3555,0.59,0.953,0.32314097097141026,0.5550563591195432,21,22,10,4,14,35,7,7
2353,3556,0.663,0.95,0.32150917840891957,0.5556436249144898,21,22,10,4,15,35,7,7
2353,3557,0.754,0.948,0.3193666102999092,0.5543543225327849,21,22,10,4,16,35,7,7
2353,3558,0.85,0.945,0.3180361683924756,0.5505838690274856,21,22,10,4,17,35,7,7
2353,3559,0.931,0.942,0.319171032747393,0.5442341804052836,21,22,10,4,18,35,7,7
2353,3560,0.981,0.938,0.3241078736334966,0.5365815736178733,21,22,10,4,19,35,7,7
2353,3561,0.998,0.934,0.33123688579740773,0.5305776477450608,21,22,10,4,20,35,7,7
2353,3562,1,0.929,0.3380135302583047,0.5290485745546882,21,22,10,4,21,35,7,7
2353,3563,1,1,0.3451565866342605,0.5307381207870334,21,22,10,4,22,35,7,7
2353,3631,1,1,0.28736718514900605,0.4881165511721174,21,22,10,4,10,21,10,7
2353,3632,1,1,0.2948971509165774,0.49260384063104734,21,22,10,4,11,21,10,7
2353,3633,1,1,0.30445490894809313,0.49807551052934707,21,22,10,4,12,21,10,7
2353,3634,1,1,0.31644913974314215,0.5045329782478856,21,22,10,4,13,21,10,7
2353,3635,1,1,0.33276935411331465,0.5121855263377861,21,22,10,4,14,21,10,7
2353,3636,1,1,0.3573273444086231,0.5215252882578694,21,22,10,4,15,21,10,7
2353,3637,1,1,0.3936035173742718,0.5332946218454251,21,22,10,4,16,21,10,7
2353,3638,1,1,0.44010122143137886,0.5470399715198391,21,22,10,4,17,21,10,7
2353,3639,1,1,0.4943014839799108,0.5622079767354161,21,22,10,4,18,21,10,7
2353,3640,1,1,0.5691964364443632,0.5837241898967127,21,22,10,4,19,21,10,7
2353,3641,1,1,0.672587770769042,0.62511363063075,21,22,10,4,20,21,10,7
2353,3642,1,0.917,0.2717696720689293,0.48385850848807366,21,22,10,4,10,22,10,7
2353,3643,1,0.91,0.27819848359744503,0.4879698548360486,21,22,10,4,11,22,10,7
2353,3644,1,0.901,0.2863532087353524,0.4927306826632063,21,22,10,4,12,22,10,7
2353,3645,1,0.889,0.29710728203076564,0.49814210001712733,21,22,10,4,13,22,10,7
2353,3646,0.999,0.876,0.3122182679544284,0.5042599365596774,21,22,10,4,14,22,10,7
2353,3647,0.999,0.857,0.33247040617468837,0.5110810565694093,21,22,10,4,15,22,10,7
2353,3648,0.998,0.834,0.35669324670431857,0.5185616271434432,21,22,10,4,16,22,10,7
2353,3649,0.995,0.8,0.3831848954616208,0.5272583943504459,21,22,10,4,17,22,10,7
2353,3650,0.988,0.75,0.41643634669748997,0.5408937488020931,21,22,10,4,18,22,10,7
2353,3651,0.965,0.667,0.4752146972227501,0.5698314398219675,21,22,10,4,19,22,10,7
2353,3652,0.872,0.501,0.5939477244756319,0.6394501754446326,21,22,10,4,20,22,10,7
2353,3653,0.376,0,0.8769078256116044,0.8665585558513255,21,22,10,4,21,22,10,7
2353,3654,0.993,0.923,0.2600647049485282,0.48515579573945455,21,22,10,4,10,23,10,7
2353,3655,0.989,0.917,0.26638553798713727,0.4903361165926794,21,22,10,4,11,23,10,7
2353,3656,0.983,0.909,0.274776498346735,0.49657702760529576,21,22,10,4,12,23,10,7
2353,3657,0.974,0.901,0.28633519744141256,0.5041914244646151,21,22,10,4,13,23,10,7
2353,3658,0.958,0.889,0.30211308690525907,0.5137155492559082,21,22,10,4,14,23,10,7
2353,3659,0.93,0.876,0.32240650955855443,0.5261358059270554,21,22,10,4,15,23,10,7
2353,3660,0.882,0.857,0.3490421907654677,0.5435781871220295,21,22,10,4,16,23,10,7
2353,3661,0.796,0.834,0.39003748982010567,0.5705068290406486,21,22,10,4,17,23,10,7
2353,3662,0.65,0.8,0.46026671834056987,0.6148790095828235,21,22,10,4,18,23,10,7
2353,3663,0.447,0.751,0.5729175767430472,0.6844091739030087,21,22,10,4,19,23,10,7
2353,3664,0.333,0.667,0.6832868712545433,0.749027413546824,21,22,10,4,20,23,10,7
2353,3665,0.823,0.501,0.5810784529048306,0.6459677138089747,21,22,10,4,21,23,10,7
2353,3666,1,1,0.671907147438421,0.6199399796474951,21,22,10,4,22,23,10,7
2353,3667,0.935,0.929,0.2582571292580781,0.4970685035545548,21,22,10,4,10,24,10,7
2353,3668,0.912,0.924,0.2678018605790661,0.5050785093458273,21,22,10,4,11,24,10,7
2353,3669,0.879,0.917,0.28099328784016186,0.5148028214645779,21,22,10,4,12,24,10,7
2353,3670,0.833,0.91,0.29910515980535024,0.5266754010714207,21,22,10,4,13,24,10,7
2353,3671,0.769,0.9,0.3230921389104453,0.5412930377311591,21,22,10,4,14,24,10,7
2353,3672,0.686,0.889,0.35361617075853513,0.559558252739476,21,22,10,4,15,24,10,7
2353,3673,0.584,0.875,0.39294872428453687,0.5827632060847323,21,22,10,4,16,24,10,7
2353,3674,0.482,0.858,0.4423826201109835,0.6117509210295834,21,22,10,4,17,24,10,7
2353,3675,0.419,0.834,0.4957256731792008,0.6430421149561978,21,22,10,4,18,24,10,7
2353,3676,0.409,0.8,0.5259914626966473,0.6590553750123278,21,22,10,4,19,24,10,7
2353,3677,0.641,0.751,0.47867131726252565,0.6261275191979091,21,22,10,4,20,24,10,7
2353,3678,0.982,0.667,0.44912404585893206,0.5668390354443664,21,22,10,4,21,24,10,7
2353,3679,1,1,0.5650917464573397,0.5943146515951555,21,22,10,4,22,24,10,7
2353,3681,0.807,0.934,0.27036075970963447,0.513285097414159,21,22,10,4,10,25,10,7
2353,3682,0.758,0.929,0.28506056123442314,0.5231345134298742,21,22,10,4,11,25,10,7
2353,3683,0.7,0.924,0.3038949344964471,0.5344979792969105,21,22,10,4,12,25,10,7
2353,3684,0.634,0.917,0.3268344420641307,0.5474713295759517,21,22,10,4,13,25,10,7
2353,3685,0.563,0.91,0.3525976893086732,0.5620925365969762,21,22,10,4,14,25,10,7
2353,3686,0.498,0.9,0.380727331058193,0.5782824064535672,21,22,10,4,15,25,10,7
2353,3687,0.453,0.889,0.40972213518672007,0.5953813272087649,21,22,10,4,16,25,10,7
2353,3688,0.437,0.875,0.43475393633410486,0.6107593267373643,21,22,10,4,17,25,10,7
2353,3689,0.445,0.858,0.44449964868884173,0.6176030291507952,21,22,10,4,18,25,10,7
2353,3690,0.585,0.834,0.4225309286819837,0.6053991810016344,21,22,10,4,19,25,10,7
2353,3691,0.881,0.8,0.38640182416396374,0.5729383524010032,21,22,10,4,20,25,10,7
2353,3692,0.998,0.75,0.4247110544288326,0.5572939019415986,21,22,10,4,21,25,10,7
2353,3693,1,1,0.527078924460221,0.5878104199985679,21,22,10,4,22,25,10,7
2353,3696,0.658,0.938,0.2896334929022638,0.5275524868089032,21,22,10,4,10,26,10,7
2353,3697,0.606,0.934,0.30671567918498943,0.5373759393616564,21,22,10,4,11,26,10,7
2353,3698,0.553,0.929,0.32578269757837197,0.5479732591535775,21,22,10,4,12,26,10,7
2353,3699,0.507,0.923,0.3453398128555626,0.5591182347235792,21,22,10,4,13,26,10,7
2353,3700,0.472,0.917,0.36445968821111896,0.5704515607805005,21,22,10,4,14,26,10,7
2353,3701,0.455,0.909,0.38189555432016997,0.5813507362250743,21,22,10,4,15,26,10,7
2353,3702,0.45,0.9,0.3949573006012155,0.590472106597127,21,22,10,4,16,26,10,7
2353,3703,0.466,0.889,0.3991563639831026,0.5950601091411022,21,22,10,4,17,26,10,7
2353,3704,0.565,0.875,0.3887293124539779,0.5909716592407226,21,22,10,4,18,26,10,7
2353,3705,0.777,0.858,0.3673876355241943,0.5758444734909076,21,22,10,4,19,26,10,7
2353,3706,0.962,0.834,0.3722740411807699,0.5578988360025001,21,22,10,4,20,26,10,7
2353,3707,1,0.8,0.43571074847002256,0.562679496375269,21,22,10,4,21,26,10,7
2353,3708,1,1,0.5341304299392129,0.5925349998520515,21,22,10,4,22,26,10,7
2353,3712,0.549,0.942,0.30640964030001583,0.5375747400147735,21,22,10,4,10,27,10,7
2353,3713,0.512,0.938,0.3217391294697186,0.546168426633711,21,22,10,4,11,27,10,7
2353,3714,0.484,0.934,0.33666629175089335,0.5548495739527921,21,22,10,4,12,27,10,7
2353,3715,0.468,0.929,0.3502202861440006,0.5632941973808883,21,22,10,4,13,27,10,7
2353,3716,0.461,0.923,0.3616600597881676,0.5710769746416438,21,22,10,4,14,27,10,7
2353,3717,0.46,0.917,0.3698471779999175,0.5775425506203569,21,22,10,4,15,27,10,7
2353,3718,0.48,0.91,0.3726476779948359,0.5815235257781137,21,22,10,4,16,27,10,7
2353,3719,0.557,0.9,0.3678881809295652,0.5812090922551958,21,22,10,4,17,27,10,7
2353,3720,0.711,0.889,0.3569305192625094,0.5749439278545642,21,22,10,4,18,27,10,7
2353,3721,0.89,0.875,0.3540344720768931,0.5640505728242307,21,22,10,4,19,27,10,7
2353,3722,0.987,0.857,0.38533641897406923,0.557485151269822,21,22,10,4,20,27,10,7
2353,3723,1,0.834,0.4510359058261939,0.5691781599376888,21,22,10,4,21,27,10,7
2353,3724,1,1,0.524995239566558,0.5910465745018632,21,22,10,4,22,27,10,7
2353,3729,0.493,0.945,0.31722734846820233,0.5437470416644782,21,22,10,4,10,28,10,7
2353,3730,0.477,0.942,0.3289702854520231,0.5508084855228346,21,22,10,4,11,28,10,7
2353,3731,0.469,0.938,0.3392193405946028,0.5575661957417302,21,22,10,4,12,28,10,7
2353,3732,0.466,0.934,0.3476236097580018,0.5637398185813678,21,22,10,4,13,28,10,7
2353,3733,0.468,0.929,0.353638467840628,0.5689841099726488,21,22,10,4,14,28,10,7
2353,3734,0.49,0.924,0.3561505390437304,0.5727772749910726,21,22,10,4,15,28,10,7
2353,3735,0.553,0.917,0.3544258917112463,0.5742821358809063,21,22,10,4,16,28,10,7
2353,3736,0.67,0.909,0.3494969143461547,0.5724743137734668,21,22,10,4,17,28,10,7
2353,3737,0.822,0.9,0.34674097834406314,0.567040864653516,21,22,10,4,18,28,10,7
2353,3738,0.947,0.889,0.35923065990362146,0.5603820911197707,21,22,10,4,19,28,10,7
2353,3739,0.995,0.876,0.397404823721243,0.5594129138336865,21,22,10,4,20,28,10,7
2353,3740,1,0.857,0.4489885319030287,0.5700192091188012,21,22,10,4,21,28,10,7
2353,3741,1,1,0.4965284220305545,0.5836720419299675,21,22,10,4,22,28,10,7
2353,3747,0.475,0.948,0.32270754941611,0.5474050546632162,21,22,10,4,10,29,10,7
2353,3748,0.472,0.945,0.3311164686275042,0.5531398145786086,21,22,10,4,11,29,10,7
2353,3749,0.471,0.941,0.33798523765590816,0.558419879119387,21,22,10,4,12,29,10,7
2353,3750,0.475,0.938,0.3429739544277207,0.5630330372348004,21,22,10,4,13,29,10,7
2353,3751,0.497,0.934,0.345578597710371,0.5667099496383929,21,22,10,4,14,29,10,7
2353,3752,0.55,0.929,0.3455278271834912,0.5690302620014005,21,22,10,4,15,29,10,7
2353,3753,0.644,0.923,0.3431055029391178,0.5693713681602164,21,22,10,4,16,29,10,7
2353,3754,0.769,0.917,0.3406693578347869,0.5671368207997598,21,22,10,4,17,29,10,7
2353,3755,0.895,0.91,0.3449621748662738,0.5625636655917777,21,22,10,4,18,29,10,7
2353,3756,0.974,0.9,0.364681681228501,0.5580409151375487,21,22,10,4,19,29,10,7
2353,3757,0.998,0.889,0.3989207193846783,0.5583763529695318,21,22,10,4,20,29,10,7
2353,3758,1,0.876,0.4357481859757004,0.5658445801020242,21,22,10,4,21,29,10,7
2353,3759,1,1,0.46854888463317157,0.5749446697364125,21,22,10,4,22,29,10,7
2353,3766,0.475,0.95,0.3253141573475442,0.5496710381130798,21,22,10,4,10,30,10,7
2353,3767,0.475,0.948,0.33123484381191537,0.5543816218886279,21,22,10,4,11,30,10,7
2353,3768,0.481,0.945,0.33559927232649656,0.5585941574996189,21,22,10,4,12,30,10,7
2353,3769,0.503,0.942,0.33816754340277,0.5621347085986834,21,22,10,4,13,30,10,7
2353,3770,0.549,0.938,0.3385487403071915,0.5647594975903891,21,22,10,4,14,30,10,7
2353,3771,0.626,0.934,0.33704442868207507,0.5660815404712907,21,22,10,4,15,30,10,7
2353,3772,0.73,0.929,0.3353206604833472,0.5655808955447932,21,22,10,4,16,30,10,7
2353,3773,0.844,0.923,0.336624460310746,0.562889215154129,21,22,10,4,17,30,10,7
2353,3774,0.938,0.917,0.3460851669688978,0.5585082000324173,21,22,10,4,18,30,10,7
2353,3775,0.987,0.91,0.36649364737398404,0.5546693168898571,21,22,10,4,19,30,10,7
2353,3776,0.999,0.901,0.3933775429016644,0.5548798694970052,21,22,10,4,20,30,10,7
2353,3777,1,0.889,0.4189970187745383,0.5600973760134167,21,22,10,4,21,30,10,7
2353,3778,1,1,0.44312198858887764,0.5667765567443419,21,22,10,4,22,30,10,7
2353,3786,0.478,0.953,0.32620502991452993,0.5511766691026743,21,22,10,4,10,31,10,7
2353,3787,0.486,0.95,0.3301096892093949,0.5550896206024162,21,22,10,4,11,31,10,7
2353,3788,0.507,0.948,0.3324030706161252,0.5584803698986258,21,22,10,4,12,31,10,7
2353,3789,0.548,0.945,0.33294713181245605,0.5611762641758217,21,22,10,4,13,31,10,7
2353,3790,0.613,0.941,0.33206744950508804,0.5629166484503538,21,22,10,4,14,31,10,7
2353,3791,0.701,0.938,0.33082575090271915,0.563307979734829,21,22,10,4,15,31,10,7
2353,3792,0.802,0.934,0.33094437828972967,0.5618945124278116,21,22,10,4,16,31,10,7
2353,3793,0.897,0.929,0.3350739425561622,0.55849590492951,21,22,10,4,17,31,10,7
2353,3794,0.963,0.924,0.3459128735111078,0.5538434968656507,21,22,10,4,18,31,10,7
2353,3795,0.993,0.917,0.3631738607550591,0.5500595324034541,21,22,10,4,19,31,10,7
2353,3796,1,0.909,0.3823715370998123,0.5497886189279355,21,22,10,4,20,31,10,7
2353,3797,1,0.901,0.39959371035249036,0.5532680809029663,21,22,10,4,21,31,10,7
2353,3798,1,1,0.41680128521487625,0.5578619056130845,21,22,10,4,22,31,10,7
2353,3807,0.491,0.955,0.3256727379828894,0.5521935511288079,21,22,10,4,10,32,10,7
2353,3808,0.511,0.953,0.3277771049568404,0.5554213061822229,21,22,10,4,11,32,10,7
2353,3809,0.547,0.95,0.3284964475627903,0.5580744463733633,21,22,10,4,12,32,10,7
2353,3810,0.603,0.948,0.3281527618033153,0.5599539715739528,21,22,10,4,13,32,10,7
2353,3811,0.678,0.945,0.3272757249689833,0.5607639198123973,21,22,10,4,14,32,10,7
2353,3812,0.767,0.942,0.32666643614144353,0.5601076064034702,21,22,10,4,15,32,10,7
2353,3813,0.857,0.938,0.3279673029894541,0.5576248053670425,21,22,10,4,16,32,10,7
2353,3814,0.932,0.934,0.33298037617022513,0.553366551802549,21,22,10,4,17,32,10,7
2353,3815,0.978,0.929,0.34284157350212086,0.5483049273309744,21,22,10,4,18,32,10,7
2353,3816,0.996,0.924,0.35591467127066945,0.5444479561207523,21,22,10,4,19,32,10,7
2353,3817,1,0.917,0.3688015621021038,0.543766425320068,21,22,10,4,20,32,10,7
2353,3818,1,0.91,0.38064371498855354,0.546059804332976,21,22,10,4,21,32,10,7
2353,3819,1,1,0.3931538624904083,0.5493485770934753,21,22,10,4,22,32,10,7
2353,3829,0.514,0.957,0.324231580276349,0.5527706143603404,21,22,10,4,10,33,10,7
2353,3830,0.547,0.955,0.3252298980621554,0.555325813508478,21,22,10,4,11,33,10,7
2353,3831,0.596,0.953,0.3251840188884676,0.557212396011955,21,22,10,4,12,33,10,7
2353,3832,0.661,0.95,0.32436124750125417,0.5581974347202775,21,22,10,4,13,33,10,7
2353,3833,0.739,0.948,0.32336922337818197,0.5579641589222288,21,22,10,4,14,33,10,7
2353,3834,0.822,0.945,0.3232210143983766,0.5561592227120704,21,22,10,4,15,33,10,7
2353,3835,0.898,0.942,0.3250325540567034,0.5525873439814768,21,22,10,4,16,33,10,7
2353,3836,0.955,0.938,0.3299933738702425,0.5475738058282363,21,22,10,4,17,33,10,7
2353,3837,0.987,0.934,0.3380615488047305,0.5422863276588014,21,22,10,4,18,33,10,7
2353,3838,0.998,0.929,0.34729589888681145,0.5385447887916887,21,22,10,4,19,33,10,7
2353,3839,1,0.923,0.3557590876414696,0.5377411236308522,21,22,10,4,20,33,10,7
2353,3840,1,0.917,0.36411471840806875,0.5394097743765445,21,22,10,4,21,33,10,7
2353,3841,1,1,0.37396338682239827,0.5420521968063086,21,22,10,4,22,33,10,7
2353,3852,0.546,0.959,0.3227082239820628,0.5528839698881683,21,22,10,4,10,34,10,7
2353,3853,0.59,0.957,0.3228212133167262,0.5547266373197449,21,22,10,4,11,34,10,7
2353,3854,0.647,0.955,0.32216808082903914,0.5557807494522434,21,22,10,4,12,34,10,7
2353,3855,0.716,0.953,0.3211158059923246,0.5557955736861973,21,22,10,4,13,34,10,7
2353,3856,0.792,0.95,0.3202946641134411,0.5544760526934871,21,22,10,4,14,34,10,7
2353,3857,0.866,0.948,0.32056113984416934,0.5515776595052679,21,22,10,4,15,34,10,7
2353,3858,0.928,0.945,0.32270689603223157,0.5471255478433119,21,22,10,4,16,34,10,7
2353,3859,0.97,0.942,0.32726923133984387,0.541702942390939,21,22,10,4,17,34,10,7
2353,3860,0.992,0.938,0.3333684555831331,0.5365654901905603,21,22,10,4,18,34,10,7
2353,3861,0.999,0.934,0.3397503635781429,0.5332632362360306,21,22,10,4,19,34,10,7
2353,3862,1,0.929,0.3461995306332224,0.5326969440413593,21,22,10,4,20,34,10,7
2353,3863,1,0.924,0.353570971202243,0.5342624170030773,21,22,10,4,21,34,10,7
2353,3864,1,1,0.36232058594921424,0.5368172288206495,21,22,10,4,22,34,10,7
2353,3876,0.585,0.96,0.3212761341393149,0.5525933178758414,21,22,10,4,10,35,10,7
2353,3877,0.636,0.959,0.3209076180777509,0.5536988036321959,21,22,10,4,11,35,10,7
2353,3878,0.698,0.957,0.32010718083173073,0.5539060872367207,21,22,10,4,12,35,10,7
2353,3879,0.766,0.955,0.31928257512440483,0.552981016065982,21,22,10,4,13,35,10,7
2353,3880,0.836,0.953,0.31897722715439447,0.550702952403786,21,22,10,4,14,35,10,7
2353,3881,0.899,0.95,0.3198310149553675,0.5469876866721501,21,22,10,4,15,35,10,7
2353,3882,0.949,0.948,0.32241100365623365,0.542087623102439,21,22,10,4,16,35,10,7
2353,3883,0.98,0.945,0.326550808401879,0.5367683301759636,21,22,10,4,17,35,10,7
2353,3884,0.995,0.942,0.33172980149533204,0.5322538627039848,21,22,10,4,18,35,10,7
2353,3885,0.999,0.938,0.3373413580628616,0.5297862339077507,21,22,10,4,19,35,10,7
2353,3886,1,0.934,0.34361765075780326,0.5298829261888132,21,22,10,4,20,35,10,7
2353,3887,1,0.929,0.35098904275391707,0.5319073815005787,21,22,10,4,21,35,10,7
2353,3888,1,1,0.3595853716357974,0.5350086237849194,21,22,10,4,22,35,10,7
2353,3956,1,1,0.5216025763482817,0.563436167227211,21,22,10,4,10,21,1,10
2353,3957,1,1,0.48240244446259917,0.5510270781737339,21,22,10,4,11,21,1,10
2353,3958,1,1,0.4648795053924958,0.5465541169259427,21,22,10,4,12,21,1,10
2353,3959,1,1,0.45630220804779575,0.5447714402178172,21,22,10,4,13,21,1,10
2353,3960,1,1,0.4362794683184762,0.5386700607891022,21,22,10,4,14,21,1,10
2353,3961,1,1,0.44270786413493257,0.5428274743657349,21,22,10,4,15,21,1,10
2353,3962,1,1,0.45894979768989463,0.5515060164249317,21,22,10,4,16,21,1,10
2353,3963,1,1,0.4884821930597646,0.5668954894309312,21,22,10,4,17,21,1,10
2353,3964,1,1,0.5496245578777263,0.5845144882642062,21,22,10,4,18,21,1,10
2353,3965,1,1,0.6632351173910033,0.6159112328947594,21,22,10,4,19,21,1,10
2353,3966,1,1,0.6742016406893736,0.6457131464281594,21,22,10,4,20,21,1,10
2353,3967,1,0.917,0.4897044710845301,0.553216577845532,21,22,10,4,10,22,1,10
2353,3968,1,0.91,0.45244565532665115,0.5413560758262406,21,22,10,4,11,22,1,10
2353,3969,1,0.901,0.4344049210153915,0.5365583684193178,21,22,10,4,12,22,1,10
2353,3970,1,0.889,0.4232568001738847,0.5337376650389734,21,22,10,4,13,22,1,10
2353,3971,1,0.876,0.4053214460940999,0.5281943080610592,21,22,10,4,14,22,1,10
2353,3972,1,0.857,0.41054122111635716,0.531849234886288,21,22,10,4,15,22,1,10
2353,3973,1,0.834,0.4226750609731347,0.5395093513845978,21,22,10,4,16,22,1,10
2353,3974,1,0.8,0.44247436748747304,0.5515962698670254,21,22,10,4,17,22,1,10
2353,3975,1,0.75,0.4909955638335567,0.5660642883037514,21,22,10,4,18,22,1,10
2353,3976,1,0.667,0.5680287523404849,0.5865745011852543,21,22,10,4,19,22,1,10
2353,3977,1,0.501,0.6257581503484925,0.6012907406726011,21,22,10,4,20,22,1,10
2353,3978,0.972,0,0.6818377734258385,0.6569702275259076,21,22,10,4,21,22,1,10
2353,3979,1,0.923,0.4606434941265538,0.5438071887456722,21,22,10,4,10,23,1,10
2353,3980,1,0.917,0.42559530572684734,0.5325537000725569,21,22,10,4,11,23,1,10
2353,3981,1,0.909,0.4076357740979729,0.5276171372287,21,22,10,4,12,23,1,10
2353,3982,1,0.901,0.39553266273526444,0.52429327302923,21,22,10,4,13,23,1,10
2353,3983,1,0.889,0.38006268625294193,0.5195089005121364,21,22,10,4,14,23,1,10
2353,3984,1,0.876,0.3843532581967424,0.5229391582417419,21,22,10,4,15,23,1,10
2353,3985,1,0.857,0.3937814594806843,0.5298223337607142,21,22,10,4,16,23,1,10
2353,3986,1,0.834,0.407917105982853,0.5397544175846404,21,22,10,4,17,23,1,10
2353,3987,1,0.8,0.4459808885813974,0.5519534343757553,21,22,10,4,18,23,1,10
2353,3988,0.998,0.751,0.4979327896182464,0.5668116988038334,21,22,10,4,19,23,1,10
2353,3989,0.985,0.667,0.5347490090667857,0.5851954781120655,21,22,10,4,20,23,1,10
2353,3990,0.764,0.501,0.6880869665475486,0.7057803225761198,21,22,10,4,21,23,1,10
2353,3991,1,1,0.6734057896623995,0.63586408578176,21,22,10,4,22,23,1,10
2353,3992,1,0.929,0.4343535523619494,0.5352273121921205,21,22,10,4,10,24,1,10
2353,3993,1,0.924,0.4016824802320882,0.5246456784346298,21,22,10,4,11,24,1,10
2353,3994,1,0.917,0.38432721822329863,0.5197684482260461,21,22,10,4,12,24,1,10
2353,3995,1,0.91,0.3721325258819662,0.5163547930555676,21,22,10,4,13,24,1,10
2353,3996,1,0.9,0.35871075692555454,0.5124461393424068,21,22,10,4,14,24,1,10
2353,3997,1,0.889,0.36207546437034144,0.5159120110466933,21,22,10,4,15,24,1,10
2353,3998,1,0.875,0.3694781722290519,0.5224689713357966,21,22,10,4,16,24,1,10
2353,3999,0.999,0.858,0.3805916425117165,0.5315701882935469,21,22,10,4,17,24,1,10
2353,4000,0.997,0.834,0.41055871339392935,0.5435442825076825,21,22,10,4,18,24,1,10
2353,4001,0.986,0.8,0.4480192931679664,0.5595232667312846,21,22,10,4,19,24,1,10
2353,4002,0.921,0.751,0.48792562217845614,0.5924164405100327,21,22,10,4,20,24,1,10
2353,4003,0.529,0.667,0.6720798977645376,0.7352841896647924,21,22,10,4,21,24,1,10
2353,4004,1,1,0.5882408796045514,0.5923788603822964,21,22,10,4,22,24,1,10
2353,4006,1,0.934,0.4107061849362602,0.5275370859463075,21,22,10,4,10,25,1,10
2353,4007,1,0.929,0.38048690240164884,0.5177033062823485,21,22,10,4,11,25,1,10
2353,4008,1,0.924,0.36402416263169135,0.5130857186745825,21,22,10,4,12,25,1,10
2353,4009,1,0.917,0.35215456631970443,0.5099142759016875,21,22,10,4,13,25,1,10
2353,4010,1,0.91,0.34048747495483,0.5069942739515829,21,22,10,4,14,25,1,10
2353,4011,0.999,0.9,0.34328880436940146,0.5108080861322981,21,22,10,4,15,25,1,10
2353,4012,0.998,0.889,0.34905408302922736,0.517610634712351,21,22,10,4,16,25,1,10
2353,4013,0.995,0.875,0.35813121223370403,0.5270640510370916,21,22,10,4,17,25,1,10
2353,4014,0.985,0.858,0.38360198709993953,0.5404183811315788,21,22,10,4,18,25,1,10
2353,4015,0.951,0.834,0.41611649338340495,0.560014239919731,21,22,10,4,19,25,1,10
2353,4016,0.818,0.8,0.46902264513625547,0.6028199866565136,21,22,10,4,20,25,1,10
2353,4017,0.419,0.75,0.6424744177607962,0.7276455141225642,21,22,10,4,21,25,1,10
2353,4018,1,1,0.4977065667444005,0.5662931405283576,21,22,10,4,22,25,1,10
2353,4021,1,0.938,0.3895193460934143,0.5207899137977507,21,22,10,4,10,26,1,10
2353,4022,1,0.934,0.36172598809793466,0.5117785024758349,21,22,10,4,11,26,1,10
2353,4023,1,0.929,0.34627232107063555,0.5075990470394378,21,22,10,4,12,26,1,10
2353,4024,0.999,0.923,0.3350621944405848,0.5049215914838829,21,22,10,4,13,26,1,10
2353,4025,0.999,0.917,0.32503288198319924,0.5030777294148747,21,22,10,4,14,26,1,10
2353,4026,0.997,0.909,0.3275114661544317,0.5074970132736198,21,22,10,4,15,26,1,10
2353,4027,0.994,0.9,0.33231697759382606,0.5149572343127293,21,22,10,4,16,26,1,10
2353,4028,0.985,0.889,0.34053155223949827,0.5253835880176734,21,22,10,4,17,26,1,10
2353,4029,0.962,0.875,0.36427469966943227,0.540513062297122,21,22,10,4,18,26,1,10
2353,4030,0.896,0.858,0.39764154618966163,0.5630970896172196,21,22,10,4,19,26,1,10
2353,4031,0.714,0.834,0.46003449489726833,0.6092277506201822,21,22,10,4,20,26,1,10
2353,4032,0.39,0.8,0.6042231352431928,0.7071427053901321,21,22,10,4,21,26,1,10
2353,4033,1,1,0.44039419955914927,0.5500464725632526,21,22,10,4,22,26,1,10
2353,4037,1,0.942,0.3705921868567378,0.514998915944868,21,22,10,4,10,27,1,10
2353,4038,0.999,0.938,0.34511302226268226,0.5068659759522203,21,22,10,4,11,27,1,10
2353,4039,0.999,0.934,0.33080063337334287,0.503258487926011,21,22,10,4,12,27,1,10
2353,4040,0.998,0.929,0.32044706502183207,0.501238271135057,21,22,10,4,13,27,1,10
2353,4041,0.996,0.923,0.3119754268392759,0.5005004536397033,21,22,10,4,14,27,1,10
2353,4042,0.993,0.917,0.3144048927320894,0.5056662085298209,21,22,10,4,15,27,1,10
2353,4043,0.985,0.91,0.31890362092159086,0.5139657108524203,21,22,10,4,16,27,1,10
2353,4044,0.968,0.9,0.3274889156313594,0.5254978132124468,21,22,10,4,17,27,1,10
2353,4045,0.927,0.889,0.3513904465760955,0.5420578071542925,21,22,10,4,18,27,1,10
2353,4046,0.831,0.875,0.3871158788277974,0.5661892324045145,21,22,10,4,19,27,1,10
2353,4047,0.628,0.857,0.4524671956833425,0.6114000275059079,21,22,10,4,20,27,1,10
2353,4048,0.393,0.834,0.5662830208265189,0.6857437069809043,21,22,10,4,21,27,1,10
2353,4049,1,1,0.40233865258651025,0.5393179490385114,21,22,10,4,22,27,1,10
2353,4054,0.999,0.945,0.353703421741004,0.5101284286788972,21,22,10,4,10,28,1,10
2353,4055,0.999,0.942,0.3304527990881154,0.5029012540265556,21,22,10,4,11,28,1,10
2353,4056,0.997,0.938,0.31737187014281754,0.4999469999548546,21,22,10,4,12,28,1,10
2353,4057,0.996,0.934,0.30801784103064256,0.4986674447880671,21,22,10,4,13,28,1,10
2353,4058,0.992,0.929,0.30103586365275803,0.4990089824737982,21,22,10,4,14,28,1,10
2353,4059,0.985,0.924,0.3037086939660121,0.5049560114734715,21,22,10,4,15,28,1,10
2353,4060,0.971,0.917,0.3085227977239904,0.5140983668689831,21,22,10,4,16,28,1,10
2353,4061,0.943,0.909,0.31832834209710614,0.5265867485046252,21,22,10,4,17,28,1,10
2353,4062,0.884,0.9,0.3432732064772881,0.5439936049367774,21,22,10,4,18,28,1,10
2353,4063,0.766,0.889,0.3808145804912092,0.5684275073716623,21,22,10,4,19,28,1,10
2353,4064,0.564,0.876,0.44428753475982796,0.6106697745581129,21,22,10,4,20,28,1,10
2353,4065,0.405,0.857,0.5321257585502226,0.6668952820554639,21,22,10,4,21,28,1,10
2353,4066,1,1,0.3761570958013497,0.5319435994230057,21,22,10,4,22,28,1,10
2353,4072,0.998,0.948,0.3387113229637021,0.5061045944774916,21,22,10,4,10,29,1,10
2353,4073,0.997,0.945,0.31758935753955264,0.4997818977370554,21,22,10,4,11,29,1,10
2353,4074,0.995,0.941,0.30578187944204516,0.4975163948267629,21,22,10,4,12,29,1,10
2353,4075,0.991,0.938,0.2975362074785304,0.4970007987561056,21,22,10,4,13,29,1,10
2353,4076,0.985,0.934,0.29201636268024234,0.49835362101991765,21,22,10,4,14,29,1,10
2353,4077,0.973,0.929,0.29518833794242794,0.505041625423813,21,22,10,4,15,29,1,10
2353,4078,0.952,0.923,0.3007874699749902,0.5149237388006351,21,22,10,4,16,29,1,10
2353,4079,0.912,0.917,0.3122641876941995,0.5281031272072914,21,22,10,4,17,29,1,10
2353,4080,0.837,0.91,0.33833877541509216,0.5458017592431068,21,22,10,4,18,29,1,10
2353,4081,0.706,0.9,0.37645720694887785,0.5697061419201249,21,22,10,4,19,29,1,10
2353,4082,0.521,0.889,0.4355762701644512,0.6082771653499028,21,22,10,4,20,29,1,10
2353,4083,0.416,0.876,0.5027180857829358,0.6511178128637296,21,22,10,4,21,29,1,10
2353,4084,1,1,0.3574846332021102,0.5267486046461558,21,22,10,4,22,29,1,10
2353,4091,0.996,0.95,0.32546645954997755,0.5028337053632878,21,22,10,4,10,30,1,10
2353,4092,0.994,0.948,0.306387549540171,0.4973915121184659,21,22,10,4,11,30,1,10
2353,4093,0.991,0.945,0.2958787871549008,0.4958157436430711,21,22,10,4,12,30,1,10
2353,4094,0.985,0.942,0.2887915174651051,0.4960462370934666,21,22,10,4,13,30,1,10
2353,4095,0.975,0.938,0.2847325318932652,0.4983167198849142,21,22,10,4,14,30,1,10
2353,4096,0.958,0.934,0.28856636040474726,0.5056605915928798,21,22,10,4,15,30,1,10
2353,4097,0.928,0.929,0.29526285058813606,0.5161299945137034,21,22,10,4,16,30,1,10
2353,4098,0.877,0.923,0.308511689729594,0.5297189729435199,21,22,10,4,17,30,1,10
2353,4099,0.79,0.917,0.33540627181256255,0.5472791675171607,21,22,10,4,18,30,1,10
2353,4100,0.654,0.91,0.3728157170156602,0.5701850394995467,21,22,10,4,19,30,1,10
2353,4101,0.492,0.901,0.4268787290298607,0.6050799989947797,21,22,10,4,20,30,1,10
2353,4102,0.426,0.889,0.47790663429337843,0.6381008348227073,21,22,10,4,21,30,1,10
2353,4103,1,1,0.34387852471402847,0.5230233516853777,21,22,10,4,22,30,1,10
2353,4111,0.993,0.953,0.3138290241821844,0.5002169966786194,21,22,10,4,10,31,1,10
2353,4112,0.99,0.95,0.2966960031249981,0.4956152108656412,21,22,10,4,11,31,1,10
2353,4113,0.985,0.948,0.2874963116767357,0.4947061140021688,21,22,10,4,12,31,1,10
2353,4114,0.976,0.945,0.28159709059439364,0.49563871089800504,21,22,10,4,13,31,1,10
2353,4115,0.962,0.941,0.27894243985078526,0.49872056319736524,21,22,10,4,14,31,1,10
2353,4116,0.939,0.938,0.28358597843725586,0.5066138986903935,21,22,10,4,15,31,1,10
2353,4117,0.902,0.934,0.2914975301875995,0.5175067282484456,21,22,10,4,16,31,1,10
2353,4118,0.84,0.929,0.30638174495774595,0.5312568416197901,21,22,10,4,17,31,1,10
2353,4119,0.745,0.924,0.3335241891094731,0.5483862574784616,21,22,10,4,18,31,1,10
2353,4120,0.612,0.917,0.3695397629681928,0.5700815636211805,21,22,10,4,19,31,1,10
2353,4121,0.475,0.909,0.41851127770799856,0.6016024212618715,21,22,10,4,20,31,1,10
2353,4122,0.435,0.901,0.4570036412733597,0.62736483103692,21,22,10,4,21,31,1,10
2353,4123,1,1,0.33381559135211447,0.5203103288419357,21,22,10,4,22,31,1,10
2353,4132,0.99,0.955,0.3036556885529297,0.4981593822324176,21,22,10,4,10,32,1,10
2353,4133,0.985,0.953,0.28838257571727766,0.49434749743132145,21,22,10,4,11,32,1,10
2353,4134,0.977,0.95,0.28047547497504166,0.4940664423245448,21,22,10,4,12,32,1,10
2353,4135,0.965,0.948,0.2757642448290094,0.4956421312216629,21,22,10,4,13,32,1,10
2353,4136,0.947,0.945,0.2744527639203169,0.4994259342730627,21,22,10,4,14,32,1,10
2353,4137,0.918,0.942,0.27999253436746163,0.5077574180075779,21,22,10,4,15,32,1,10
2353,4138,0.873,0.938,0.28909286841012993,0.5189205266283589,21,22,10,4,16,32,1,10
2353,4139,0.804,0.934,0.30536560861185236,0.5326347515140438,21,22,10,4,17,32,1,10
2353,4140,0.704,0.929,0.33214635885385846,0.5491582938181978,21,22,10,4,18,32,1,10
2353,4141,0.577,0.924,0.3664747558214083,0.5695911755747767,21,22,10,4,19,32,1,10
2353,4142,0.465,0.917,0.4105850337264205,0.5981388961176493,21,22,10,4,20,32,1,10
2353,4143,0.445,0.91,0.43942936424100565,0.618456565608331,21,22,10,4,21,32,1,10
2353,4144,1,1,0.32627107845558956,0.5182960177794717,21,22,10,4,22,32,1,10
2353,4154,0.985,0.957,0.29482032309967,0.49657386900328804,21,22,10,4,10,33,1,10
2353,4155,0.978,0.955,0.2813271293924602,0.49349545522890303,21,22,10,4,11,33,1,10
2353,4156,0.967,0.953,0.27466170044726024,0.4937946788445967,21,22,10,4,12,33,1,10
2353,4157,0.952,0.95,0.2711219311042363,0.4959473796856376,21,22,10,4,13,33,1,10
2353,4158,0.929,0.948,0.2710721461584159,0.5003272281504364,21,22,10,4,14,33,1,10
2353,4159,0.894,0.945,0.27751601411673776,0.5089910494302532,21,22,10,4,15,33,1,10
2353,4160,0.843,0.942,0.28771387169055596,0.5202929287124703,21,22,10,4,16,33,1,10
2353,4161,0.768,0.938,0.3049808721230156,0.533827184580012,21,22,10,4,17,33,1,10
2353,4162,0.667,0.934,0.3311283012108992,0.549657060360025,21,22,10,4,18,33,1,10
2353,4163,0.549,0.929,0.3635444525497351,0.5688651554870243,21,22,10,4,19,33,1,10
2353,4164,0.46,0.923,0.40328769444427937,0.5948401367696023,21,22,10,4,20,33,1,10
2353,4165,0.455,0.917,0.4245610128223295,0.6109955398724233,21,22,10,4,21,33,1,10
2353,4166,1,1,0.3203147589295372,0.5167639715503283,21,22,10,4,22,33,1,10
2353,4177,0.978,0.959,0.28721474798241775,0.4953833304288041,21,22,10,4,10,34,1,10
2353,4178,0.969,0.957,0.27538651895873345,0.4929794203244251,21,22,10,4,11,34,1,10
2353,4179,0.956,0.955,0.26989738823612053,0.4938067919722927,21,22,10,4,12,34,1,10
2353,4180,0.937,0.953,0.2674908579542058,0.4964689030947095,21,22,10,4,13,34,1,10
2353,4181,0.91,0.95,0.2686013581644795,0.5013466711903776,21,22,10,4,14,34,1,10
2353,4182,0.87,0.948,0.275925212185976,0.5102483357864744,21,22,10,4,15,34,1,10
2353,4183,0.813,0.945,0.28708938227928626,0.5215826732601581,21,22,10,4,16,34,1,10
2353,4184,0.734,0.942,0.30492160269631285,0.5348391211516852,21,22,10,4,17,34,1,10
2353,4185,0.635,0.938,0.33035437516093646,0.549946745085512,21,22,10,4,18,34,1,10
2353,4186,0.528,0.934,0.3607328747234304,0.5680110284421644,21,22,10,4,19,34,1,10
2353,4187,0.458,0.929,0.39669303884150753,0.591771669854633,21,22,10,4,20,34,1,10
2353,4188,0.465,0.924,0.41193978950182786,0.60467743320646306,21,22,10,4,21,34,1,10
2353,4189,1,1,0.3153948265643036,0.5155655361126406,21,22,10,4,22,34,1,10
2353,4201,0.971,0.96,0.28071820153211136,0.4945208169937856,21,22,10,4,10,35,1,10
2353,4202,0.959,0.959,0.2704268976496911,0.492732405846828,21,22,10,4,11,35,1,10
2353,4203,0.943,0.957,0.2660447073815696,0.4940348662285208,21,22,10,4,12,35,1,10
2353,4204,0.921,0.955,0.26473071675943693,0.497140972113585,21,22,10,4,13,35,1,10
2353,4205,0.889,0.953,0.2668928533484659,0.5024286587738469,21,22,10,4,14,35,1,10
2353,4206,0.844,0.95,0.27502875095599744,0.5114874584262593,21,22,10,4,15,35,1,10
2353,4207,0.783,0.948,0.28695603480819487,0.522772279014303,21,22,10,4,16,35,1,10
2353,4208,0.703,0.945,0.3051293373974998,0.53568976979509,21,22,10,4,17,35,1,10
2353,4209,0.607,0.942,0.3297330868408904,0.5500834475451267,21,22,10,4,18,35,1,10
2353,4210,0.512,0.938,0.35809165083953187,0.5671005763295456,21,22,10,4,19,35,1,10
2353,4211,0.458,0.934,0.3907771187862472,0.5889513370224002,21,22,10,4,20,35,1,10
2353,4212,0.476,0.929,0.40109787343921033,0.5992642315291122,21,22,10,4,21,35,1,10
2353,4213,1,1,0.3112186399978243,0.5145981843720393,21,22,10,4,22,35,1,10
2353,4281,1,1,0.35634043569778984,0.5089063666518719,21,22,10,4,10,21,4,10
2353,4282,1,1,0.34959663284989395,0.5072082290006171,21,22,10,4,11,21,4,10
2353,4283,1,1,0.34551712606225726,0.5063307127467667,21,22,10,4,12,21,4,10
2353,4284,1,1,0.3451297176981388,0.5069737267703349,21,22,10,4,13,21,4,10
2353,4285,1,1,0.35509267300327785,0.5120981611223265,21,22,10,4,14,21,4,10
2353,4286,1,1,0.37086607695054497,0.5205911509332903,21,22,10,4,15,21,4,10
2353,4287,1,1,0.39162284220159915,0.5322477386942814,21,22,10,4,16,21,4,10
2353,4288,1,1,0.4237675837939887,0.5454967280086385,21,22,10,4,17,21,4,10
2353,4289,1,1,0.5037960807029346,0.5691946334844393,21,22,10,4,18,21,4,10
2353,4290,1,1,0.5885901697271207,0.5921006186450594,21,22,10,4,19,21,4,10
2353,4291,1,1,0.6727290651111894,0.6258491397048163,21,22,10,4,20,21,4,10
2353,4292,1,0.917,0.32954901244992285,0.4994984120392939,21,22,10,4,10,22,4,10
2353,4293,1,0.91,0.32370739017665606,0.4980127376787197,21,22,10,4,11,22,4,10
2353,4294,1,0.901,0.3206308655733576,0.49758180127767526,21,22,10,4,12,22,4,10
2353,4295,1,0.889,0.3217103582807299,0.49909572363673094,21,22,10,4,13,22,4,10
2353,4296,1,0.876,0.3300558002636571,0.5041982789489501,21,22,10,4,14,22,4,10
2353,4297,1,0.857,0.3416694884688586,0.5116214926101945,21,22,10,4,15,22,4,10
2353,4298,1,0.834,0.3575696804041102,0.5208679923609534,21,22,10,4,16,22,4,10
2353,4299,1,0.8,0.38630244075782916,0.5318081298976696,21,22,10,4,17,22,4,10
2353,4300,1,0.75,0.43904859934028184,0.5470344485417709,21,22,10,4,18,22,4,10
2353,4301,1,0.667,0.4853001485920979,0.5586735395166302,21,22,10,4,19,22,4,10
2353,4302,0.996,0.501,0.5534102629575524,0.5819201632940526,21,22,10,4,20,22,4,10
2353,4303,0.882,0,0.7122995174335542,0.6793388169317149,21,22,10,4,21,22,4,10
2353,4304,1,0.923,0.30776659569781095,0.49172678349096033,21,22,10,4,10,23,4,10
2353,4305,1,0.917,0.30317212976398367,0.4907025110371933,21,22,10,4,11,23,4,10
2353,4306,1,0.909,0.3010981865402673,0.49089172135884895,21,22,10,4,12,23,4,10
2353,4307,1,0.901,0.3028523519934826,0.49307343579326324,21,22,10,4,13,23,4,10
2353,4308,1,0.889,0.3095724718209729,0.49804914557380064,21,22,10,4,14,23,4,10
2353,4309,1,0.876,0.3185104938323342,0.5046869408853141,21,22,10,4,15,23,4,10
2353,4310,0.999,0.857,0.3314840539632268,0.5126724441994412,21,22,10,4,16,23,4,10
2353,4311,0.998,0.834,0.3559259288773884,0.5223208405869655,21,22,10,4,17,23,4,10
2353,4312,0.994,0.8,0.38989142411572064,0.5346095141279216,21,22,10,4,18,23,4,10
2353,4313,0.971,0.751,0.42192268553472834,0.5529608166195158,21,22,10,4,19,23,4,10
2353,4314,0.847,0.667,0.5083908740422278,0.616222930869894,21,22,10,4,20,23,4,10
2353,4315,0.296,0.501,0.7805634099808416,0.8220831620412015,21,22,10,4,21,23,4,10
2353,4316,1,1,0.6719258799450492,0.6187086658597571,21,22,10,4,22,23,4,10
2353,4317,1,0.929,0.29018027256712,0.48572979476110856,21,22,10,4,10,24,4,10
2353,4318,1,0.924,0.28660432958062365,0.48537059345294387,21,22,10,4,11,24,4,10
2353,4319,1,0.917,0.28536725692944764,0.486346315606461,21,22,10,4,12,24,4,10
2353,4320,0.999,0.91,0.2873935289989147,0.4893068523941607,21,22,10,4,13,24,4,10
2353,4321,0.998,0.9,0.29294929989772567,0.4946769723757166,21,22,10,4,14,24,4,10
2353,4322,0.996,0.889,0.30023228843878547,0.5017610345941514,21,22,10,4,15,24,4,10
2353,4323,0.991,0.875,0.3122603448237822,0.5108405326901149,21,22,10,4,16,24,4,10
2353,4324,0.978,0.858,0.334063291622704,0.5231722342052456,21,22,10,4,17,24,4,10
2353,4325,0.938,0.834,0.3638603271957932,0.5418109837942782,21,22,10,4,18,24,4,10
2353,4326,0.823,0.8,0.4127558328775788,0.577819002829494,21,22,10,4,19,24,4,10
2353,4327,0.538,0.751,0.5387778839220982,0.6618193739918159,21,22,10,4,20,24,4,10
2353,4328,0.35,0.667,0.6600830896645963,0.7279913197970519,21,22,10,4,21,24,4,10
2353,4329,1,1,0.5246396407029918,0.5756214932656272,21,22,10,4,22,24,4,10
2353,4331,0.999,0.934,0.2758268734969117,0.4817719127394635,21,22,10,4,10,25,4,10
2353,4332,0.998,0.929,0.2731337464724375,0.482318580362182,21,22,10,4,11,25,4,10
2353,4333,0.997,0.924,0.2727416666944714,0.4843535339269791,21,22,10,4,12,25,4,10
2353,4334,0.995,0.917,0.27503687423727297,0.488467572157703,21,22,10,4,13,25,4,10
2353,4335,0.99,0.91,0.2801631355794252,0.4950084538634083,21,22,10,4,14,25,4,10
2353,4336,0.98,0.9,0.28760882193197823,0.5037790194889087,21,22,10,4,15,25,4,10
2353,4337,0.958,0.889,0.30146204654057607,0.5155715363150734,21,22,10,4,16,25,4,10
2353,4338,0.911,0.875,0.3258706182093979,0.5321226715809511,21,22,10,4,17,25,4,10
2353,4339,0.811,0.858,0.36298506260979424,0.5570472233278803,21,22,10,4,18,25,4,10
2353,4340,0.623,0.834,0.4283364796398974,0.5995119631874251,21,22,10,4,19,25,4,10
2353,4341,0.416,0.8,0.5319267316410424,0.6638323775847371,21,22,10,4,20,25,4,10
2353,4342,0.528,0.75,0.5148776642118316,0.6475677700682994,21,22,10,4,21,25,4,10
2353,4343,1,1,0.4540969871935293,0.5581906952095935,21,22,10,4,22,25,4,10
2353,4346,0.996,0.938,0.264192810292173,0.4799044745434138,21,22,10,4,10,26,4,10
2353,4347,0.993,0.934,0.26252225990677314,0.48154339056965134,21,22,10,4,11,26,4,10
2353,4348,0.989,0.929,0.2630731356249342,0.48484179597968424,21,22,10,4,12,26,4,10
2353,4349,0.981,0.923,0.2660609138341252,0.4903675114952699,21,22,10,4,13,26,4,10
2353,4350,0.966,0.917,0.27201057817002994,0.49847537101547623,21,22,10,4,14,26,4,10
2353,4351,0.94,0.909,0.28171315559105736,0.5092697878338437,21,22,10,4,15,26,4,10
2353,4352,0.891,0.9,0.2998480522585554,0.523600888925317,21,22,10,4,16,26,4,10
2353,4353,0.805,0.889,0.3294396679785596,0.5428483738106061,21,22,10,4,17,26,4,10
2353,4354,0.666,0.875,0.37264895608592885,0.569578759909601,21,22,10,4,18,26,4,10
2353,4355,0.496,0.858,0.43482995766161325,0.6078046096621503,21,22,10,4,19,26,4,10
2353,4356,0.417,0.834,0.4956150109520807,0.644974011631718,21,22,10,4,20,26,4,10
2353,4357,0.687,0.8,0.4250080724287716,0.6021510012212685,21,22,10,4,21,26,4,10
2353,4358,1,1,0.4173455134388634,0.5501201554823475,21,22,10,4,22,26,4,10
2353,4362,0.988,0.942,0.25520279729933126,0.47988307466732893,21,22,10,4,10,27,4,10
2353,4363,0.981,0.938,0.25474750895016873,0.48268235683605154,21,22,10,4,11,27,4,10
2353,4364,0.97,0.934,0.2564628716258722,0.4872836231072867,21,22,10,4,12,27,4,10
2353,4365,0.953,0.929,0.2608280840333518,0.49421701740038126,21,22,10,4,13,27,4,10
2353,4366,0.923,0.923,0.2688310109272751,0.5038013512672,21,22,10,4,14,27,4,10
2353,4367,0.876,0.917,0.2821127161378566,0.5161869949262574,21,22,10,4,15,27,4,10
2353,4368,0.801,0.91,0.30488270379990623,0.5319182106852857,21,22,10,4,16,27,4,10
2353,4369,0.69,0.9,0.33769638162641513,0.5516582110361135,21,22,10,4,17,27,4,10
2353,4370,0.554,0.889,0.3796646836481796,0.5766072835029408,21,22,10,4,18,27,4,10
2353,4371,0.449,0.875,0.42824810231128596,0.6065542570769717,21,22,10,4,19,27,4,10
2353,4372,0.435,0.857,0.45377765502437795,0.6236828216760164,21,22,10,4,20,27,4,10
2353,4373,0.792,0.834,0.37630138977010685,0.5765627660647261,21,22,10,4,21,27,4,10
2353,4374,1,1,0.3999254616098674,0.5470370808823546,21,22,10,4,22,27,4,10
2353,4379,0.973,0.945,0.24881383841486548,0.481308975144613,21,22,10,4,10,28,4,10
2353,4380,0.96,0.942,0.24977183492395594,0.4852184518367917,21,22,10,4,11,28,4,10
2353,4381,0.94,0.938,0.25294479823638005,0.4910049975741878,21,22,10,4,12,28,4,10
2353,4382,0.909,0.934,0.2593083642117583,0.4991237887726151,21,22,10,4,13,28,4,10
2353,4383,0.864,0.929,0.2699365376408407,0.5097884376816266,21,22,10,4,14,28,4,10
2353,4384,0.798,0.924,0.2869110874615812,0.5230216606173758,21,22,10,4,15,28,4,10
2353,4385,0.707,0.917,0.3126828591997072,0.5389388102056527,21,22,10,4,16,28,4,10
2353,4386,0.595,0.909,0.34479550901786604,0.5575634488975856,21,22,10,4,17,28,4,10
2353,4387,0.491,0.9,0.3806867597614727,0.579080827337057,21,22,10,4,18,28,4,10
2353,4388,0.445,0.889,0.4146034300617506,0.6009174150576988,21,22,10,4,19,28,4,10
2353,4389,0.474,0.876,0.4173765393639245,0.605850599651944,21,22,10,4,20,28,4,10
2353,4390,0.859,0.857,0.35080983250736886,0.561996370655914,21,22,10,4,21,28,4,10
2353,4391,1,1,0.39233665620323566,0.5465297690211626,21,22,10,4,22,28,4,10
2353,4397,0.95,0.948,0.24489306065345462,0.48375543883146543,21,22,10,4,10,29,4,10
2353,4398,0.928,0.945,0.2473740548131388,0.4886371186871916,21,22,10,4,11,29,4,10
2353,4399,0.898,0.941,0.25232599142718015,0.49538868443795203,21,22,10,4,12,29,4,10
2353,4400,0.855,0.938,0.26084333474078103,0.5043574560944877,21,22,10,4,13,29,4,10
2353,4401,0.796,0.934,0.27405528350128816,0.5156081446014442,21,22,10,4,14,29,4,10
2353,4402,0.718,0.929,0.29372667189111956,0.5289717527711713,21,22,10,4,15,29,4,10
2353,4403,0.624,0.923,0.3199473453529421,0.5441942405350547,21,22,10,4,16,29,4,10
2353,4404,0.53,0.917,0.34870232944298996,0.5609108623427325,21,22,10,4,17,29,4,10
2353,4405,0.465,0.91,0.37747431374565454,0.5787418497545749,21,22,10,4,18,29,4,10
2353,4406,0.45,0.9,0.3991553108837108,0.59412602238866,21,22,10,4,19,29,4,10
2353,4407,0.527,0.889,0.38898308977075136,0.592251783383626,21,22,10,4,20,29,4,10
2353,4408,0.902,0.876,0.3383832332151472,0.5536799828549657,21,22,10,4,21,29,4,10
2353,4409,1,1,0.38859621363428465,0.5468443490029351,21,22,10,4,22,29,4,10
2353,4416,0.918,0.95,0.24320040651934727,0.48683803156546945,21,22,10,4,10,30,4,10
2353,4417,0.888,0.948,0.24724574544666222,0.49250501457849816,21,22,10,4,11,30,4,10
2353,4418,0.847,0.945,0.2540080111413896,0.4999589496815926,21,22,10,4,12,30,4,10
2353,4419,0.794,0.942,0.264512063751138,0.5094236384603716,21,22,10,4,13,30,4,10
2353,4420,0.726,0.938,0.27980230028314035,0.5208093099679398,21,22,10,4,14,30,4,10
2353,4421,0.646,0.934,0.3005122762164931,0.5337731573522035,21,22,10,4,15,30,4,10
2353,4422,0.562,0.929,0.3252857621944004,0.54782687101779,21,22,10,4,16,30,4,10
2353,4423,0.492,0.923,0.3499121669395482,0.5624502854530405,21,22,10,4,17,30,4,10
2353,4424,0.459,0.917,0.3719421256391884,0.5770094689183738,21,22,10,4,18,30,4,10
2353,4425,0.46,0.91,0.38462332722535375,0.5876885474488278,21,22,10,4,19,30,4,10
2353,4426,0.586,0.901,0.36806237863013647,0.5821978181753702,21,22,10,4,20,30,4,10
2353,4427,0.929,0.889,0.3330330154974078,0.548848985398362,21,22,10,4,21,30,4,10
2353,4428,1,1,0.38405237688906946,0.5468511149805038,21,22,10,4,22,30,4,10
2353,4436,0.879,0.953,0.24335066229932734,0.49024589565266374,21,22,10,4,10,31,4,10
2353,4437,0.841,0.95,0.24891349795857087,0.4964977352455534,21,22,10,4,11,31,4,10
2353,4438,0.793,0.948,0.2572939638900108,0.5043973410224835,21,22,10,4,12,31,4,10
2353,4439,0.733,0.945,0.26940855315284995,0.514047959847329,21,22,10,4,13,31,4,10
2353,4440,0.663,0.941,0.28573293930498656,0.5252287953469139,21,22,10,4,14,31,4,10
2353,4441,0.588,0.938,0.30641987642398205,0.5374790435808201,21,22,10,4,15,31,4,10
2353,4442,0.519,0.934,0.32883627345286304,0.5502060382414791,21,22,10,4,16,31,4,10
2353,4443,0.474,0.929,0.34916566588054454,0.5628793609404368,21,22,10,4,17,31,4,10
2353,4444,0.462,0.924,0.3657804241611138,0.5747671749993518,21,22,10,4,18,31,4,10
2353,4445,0.478,0.917,0.3720603365398868,0.5821063103375319,21,22,10,4,19,31,4,10
2353,4446,0.642,0.909,0.3533402439694384,0.5747212991646212,21,22,10,4,20,31,4,10
2353,4447,0.948,0.901,0.3300134504040152,0.5457956447911818,21,22,10,4,21,31,4,10
2353,4448,1,1,0.3787646325277141,0.5460947275297103,21,22,10,4,22,31,4,10
2353,4457,0.836,0.955,0.24495924275999603,0.4937500107395033,21,22,10,4,10,32,4,10
2353,4458,0.792,0.953,0.2518394473772836,0.5003988947377322,21,22,10,4,11,32,4,10
2353,4459,0.738,0.95,0.2615360508871084,0.5085235159492023,21,22,10,4,12,32,4,10
2353,4460,0.676,0.948,0.27458957288559027,0.5181225879834699,21,22,10,4,13,32,4,10
2353,4461,0.609,0.945,0.29133658516467653,0.528880887098333,21,22,10,4,14,32,4,10
2353,4462,0.544,0.942,0.3113055278798098,0.5402790638754753,21,22,10,4,15,32,4,10
2353,4463,0.493,0.938,0.3308089323832182,0.5517102604095581,21,22,10,4,16,32,4,10
2353,4464,0.469,0.934,0.34743717526355367,0.5626965798752384,21,22,10,4,17,32,4,10
2353,4465,0.465,0.929,0.3598549650740206,0.5724636686362731,21,22,10,4,18,32,4,10
2353,4466,0.504,0.924,0.3615001485903906,0.5773975106402816,21,22,10,4,19,32,4,10
2353,4467,0.694,0.917,0.34233550549947867,0.568984980911737,21,22,10,4,20,32,4,10
2353,4468,0.961,0.91,0.3282588263173418,0.543557437799246,21,22,10,4,21,32,4,10
2353,4469,1,1,0.37265651661432875,0.544607993230324,21,22,10,4,22,32,4,10
2353,4479,0.791,0.957,0.24761024752766914,0.4971971696613552,21,22,10,4,10,33,4,10
2353,4480,0.742,0.955,0.2555448671224797,0.5040828318856054,21,22,10,4,11,33,4,10
2353,4481,0.687,0.953,0.26606389954994725,0.5122600099634176,21,22,10,4,12,33,4,10
2353,4482,0.626,0.95,0.27970526426720554,0.5216447988305388,21,22,10,4,13,33,4,10
2353,4483,0.566,0.948,0.2964764339102176,0.53186423453058,21,22,10,4,14,33,4,10
2353,4484,0.514,0.945,0.315051937150594,0.5423862303269085,21,22,10,4,15,33,4,10
2353,4485,0.48,0.942,0.3317450076202416,0.5526381935830367,21,22,10,4,16,33,4,10
2353,4486,0.469,0.938,0.34543359438092136,0.5622060752588498,21,22,10,4,17,33,4,10
2353,4487,0.472,0.934,0.35426948916117906,0.570281519657357,21,22,10,4,18,33,4,10
2353,4488,0.535,0.929,0.3525281412242406,0.5734113835183836,21,22,10,4,19,33,4,10
2353,4489,0.739,0.923,0.3339121587873556,0.5643758224959976,21,22,10,4,20,33,4,10
2353,4490,0.97,0.917,0.327061983567551,0.5416113017934735,21,22,10,4,21,33,4,10
2353,4491,1,1,0.36588696001006726,0.5425225941839613,21,22,10,4,22,33,4,10
2353,4502,0.746,0.959,0.2508735631501916,0.5004956731697854,21,22,10,4,10,34,4,10
2353,4503,0.695,0.957,0.25954622515757575,0.5074904200072827,21,22,10,4,11,34,4,10
2353,4504,0.64,0.955,0.2706833658606618,0.5155951403271873,21,22,10,4,12,34,4,10
2353,4505,0.584,0.953,0.28463458080403214,0.5246654266895354,21,22,10,4,13,34,4,10
2353,4506,0.533,0.95,0.3009422669879245,0.5343003995855895,21,22,10,4,14,34,4,10
2353,4507,0.495,0.948,0.31781885607006544,0.5439837950329443,21,22,10,4,15,34,4,10
2353,4508,0.475,0.945,0.33212591538639213,0.5531957775898704,21,22,10,4,16,34,4,10
2353,4509,0.471,0.942,0.3432526835590809,0.5615730910341615,21,22,10,4,17,34,4,10
2353,4510,0.483,0.938,0.3490802410454743,0.568264709158661,21,22,10,4,18,34,4,10
2353,4511,0.568,0.934,0.3446136374769875,0.5699612470379308,21,22,10,4,19,34,4,10
2353,4512,0.777,0.929,0.32766012684319723,0.5604640621695687,21,22,10,4,20,34,4,10
2353,4513,0.977,0.924,0.3259296560176458,0.5396794437959773,21,22,10,4,21,34,4,10
2353,4514,1,1,0.35860994233267673,0.5399845440334473,21,22,10,4,22,34,4,10
2353,4526,0.703,0.96,0.2544334019006095,0.503598401602255,21,22,10,4,10,35,4,10
2353,4527,0.652,0.959,0.2637142975573237,0.5106055446632661,21,22,10,4,11,35,4,10
2353,4528,0.601,0.957,0.2752754227479445,0.5185527558195628,21,22,10,4,12,35,4,10
2353,4529,0.552,0.955,0.28920609077242987,0.5272543077242758,21,22,10,4,13,35,4,10
2353,4530,0.511,0.953,0.30474458229496815,0.5363025540117476,21,22,10,4,14,35,4,10
2353,4531,0.484,0.95,0.3199011556803143,0.54521132476292955,21,22,10,4,15,35,4,10
2353,4532,0.474,0.948,0.33216819237843376,0.5535142954640325,21,22,10,4,16,35,4,10
2353,4533,0.473,0.945,0.34088420878790804,0.5608773140764494,21,22,10,4,17,35,4,10
2353,4534,0.498,0.942,0.3440580883334414,0.5663942805379478,21,22,10,4,18,35,4,10
2353,4535,0.603,0.938,0.33784430441658975,0.5668784641915234,21,22,10,4,19,35,4,10
2353,4536,0.81,0.934,0.3231430995974949,0.5569651090236196,21,22,10,4,20,35,4,10
2353,4537,0.982,0.929,0.3243397847731164,0.5376427747555408,21,22,10,4,21,35,4,10
2353,4538,1,1,0.3513404261004037,0.5371573699757104,21,22,10,4,22,35,4,10
2353,4606,1,1,0.31771058133498287,0.4958753380979347,21,22,10,4,10,21,7,10
2353,4607,1,1,0.31816698289281287,0.4966968347919427,21,22,10,4,11,21,7,10
2353,4608,1,1,0.32257054312001454,0.4992997134369611,21,22,10,4,12,21,7,10
2353,4609,1,1,0.33215686763211416,0.5045165425122833,21,22,10,4,13,21,7,10
2353,4610,1,1,0.34529889866778485,0.5119559747473754,21,22,10,4,14,21,7,10
2353,4611,1,1,0.362153424009364,0.5212624174494015,21,22,10,4,15,21,7,10
2353,4612,1,1,0.38620247592347,0.5321898830753617,21,22,10,4,16,21,7,10
2353,4613,1,1,0.4348118202477075,0.5480696353071433,21,22,10,4,17,21,7,10
2353,4614,1,1,0.5064344510527685,0.5686616883300816,21,22,10,4,18,21,7,10
2353,4615,1,1,0.5844619088397514,0.5899740432035248,21,22,10,4,19,21,7,10
2353,4616,1,1,0.6726300229420572,0.6248025998890443,21,22,10,4,20,21,7,10
2353,4617,1,0.917,0.2962342587170175,0.48829111646690615,21,22,10,4,10,22,7,10
2353,4618,1,0.91,0.29770367329403047,0.489822074508354,21,22,10,4,11,22,7,10
2353,4619,1,0.901,0.30223779397650885,0.4930116979494258,21,22,10,4,12,22,7,10
2353,4620,1,0.889,0.30997941081642344,0.49808589705456097,21,22,10,4,13,22,7,10
2353,4621,1,0.876,0.3201427815958374,0.5045412790460806,21,22,10,4,14,22,7,10
2353,4622,1,0.857,0.33375595583889084,0.512169702862637,21,22,10,4,15,22,7,10
2353,4623,1,0.834,0.35667554717975314,0.5211816115823846,21,22,10,4,16,22,7,10
2353,4624,1,0.8,0.39359979157884817,0.5323655195371915,21,22,10,4,17,22,7,10
2353,4625,1,0.75,0.4325827297546069,0.5426095018642954,21,22,10,4,18,22,7,10
2353,4626,0.998,0.667,0.4745549110820303,0.5551404879114579,21,22,10,4,19,22,7,10
2353,4627,0.984,0.501,0.561087682165087,0.5904650454651166,21,22,10,4,20,22,7,10
2353,4628,0.753,0,0.7545917119356687,0.7296983239057083,21,22,10,4,21,22,7,10
2353,4629,1,0.923,0.279474854372041,0.482792870001169,21,22,10,4,10,23,7,10
2353,4630,1,0.917,0.2814785668433649,0.48490901102150663,21,22,10,4,11,23,7,10
2353,4631,1,0.909,0.2856457621763109,0.4884312889953666,21,22,10,4,12,23,7,10
2353,4632,1,0.901,0.2920287297025791,0.49333776717071975,21,22,10,4,13,23,7,10
2353,4633,0.999,0.889,0.3002712825201912,0.49929613873371015,21,22,10,4,14,23,7,10
2353,4634,0.998,0.876,0.31265680464085155,0.5063641466223417,21,22,10,4,15,23,7,10
2353,4635,0.996,0.857,0.3326313773855123,0.514914068969361,21,22,10,4,16,23,7,10
2353,4636,0.988,0.834,0.358308446435475,0.5257732949668998,21,22,10,4,17,23,7,10
2353,4637,0.964,0.8,0.3863117108159233,0.5423111625869175,21,22,10,4,18,23,7,10
2353,4638,0.879,0.751,0.4405586035090382,0.5821463308999137,21,22,10,4,19,23,7,10
2353,4639,0.588,0.667,0.5917224530601415,0.687585005626411,21,22,10,4,20,23,7,10
2353,4640,0.288,0.501,0.776810810420637,0.7938192209008292,21,22,10,4,21,23,7,10
2353,4641,1,1,0.6719055374124179,0.619044776598024,21,22,10,4,22,23,7,10
2353,4642,0.999,0.929,0.26619800701439045,0.4798935109192092,21,22,10,4,10,24,7,10
2353,4643,0.998,0.924,0.26841954889881836,0.48287119237206744,21,22,10,4,11,24,7,10
2353,4644,0.997,0.917,0.27234317876944425,0.48725453563817733,21,22,10,4,12,24,7,10
2353,4645,0.994,0.91,0.2780386323667742,0.493115071272908,21,22,10,4,13,24,7,10
2353,4646,0.988,0.9,0.2861632308945379,0.500564418368172,21,22,10,4,14,24,7,10
2353,4647,0.976,0.889,0.2995093216211,0.5102450680757361,21,22,10,4,15,24,7,10
2353,4648,0.949,0.875,0.3200997009373412,0.5234090115305354,21,22,10,4,16,24,7,10
2353,4649,0.891,0.858,0.3486487727971582,0.5428317031670984,21,22,10,4,17,24,7,10
2353,4650,0.767,0.834,0.3962599297999223,0.5755204090986978,21,22,10,4,18,24,7,10
2353,4651,0.549,0.8,0.48803219434095124,0.6340061886212371,21,22,10,4,19,24,7,10
2353,4652,0.375,0.751,0.6024388084087908,0.7038196045124604,21,22,10,4,20,24,7,10
2353,4653,0.746,0.667,0.5098797326354435,0.6311523262590217,21,22,10,4,21,24,7,10
2353,4654,1,1,0.5397820777107265,0.582622888983992,21,22,10,4,22,24,7,10
2353,4656,0.992,0.934,0.25609726864737103,0.4804445713909383,21,22,10,4,10,25,7,10
2353,4657,0.988,0.929,0.25879973135037815,0.4848174485033161,21,22,10,4,11,25,7,10
2353,4658,0.979,0.924,0.2633291928619541,0.490850401792456,21,22,10,4,12,25,7,10
2353,4659,0.965,0.917,0.27033392172488446,0.4988014951564753,21,22,10,4,13,25,7,10
2353,4660,0.94,0.91,0.28144526840317086,0.5091101563502896,21,22,10,4,14,25,7,10
2353,4661,0.895,0.9,0.29990773016466243,0.5226360597511148,21,22,10,4,15,25,7,10
2353,4662,0.82,0.889,0.3274700145979228,0.5406776773061446,21,22,10,4,16,25,7,10
2353,4663,0.699,0.875,0.3671506899255257,0.5655830978028573,21,22,10,4,17,25,7,10
2353,4664,0.54,0.858,0.42458487691479474,0.6007020514233727,21,22,10,4,18,25,7,10
2353,4665,0.422,0.834,0.4935934826110523,0.6422439297698839,21,22,10,4,19,25,7,10
2353,4666,0.434,0.8,0.5101072701670512,0.6501302338105818,21,22,10,4,20,25,7,10
2353,4667,0.913,0.75,0.4092229197542595,0.5726642515978054,21,22,10,4,21,25,7,10
2353,4668,1,1,0.48062722735859387,0.5704959104997237,21,22,10,4,22,25,7,10
2353,4671,0.971,0.938,0.24975013368726895,0.4842426952910214,21,22,10,4,10,26,7,10
2353,4672,0.956,0.934,0.2538742200608747,0.49026191539707387,21,22,10,4,11,26,7,10
2353,4673,0.933,0.929,0.2605936583049817,0.4981708862602482,21,22,10,4,12,26,7,10
2353,4674,0.898,0.923,0.27104391429329777,0.5082646223440573,21,22,10,4,13,26,7,10
2353,4675,0.843,0.917,0.2875630844584136,0.5209385136443818,21,22,10,4,14,26,7,10
2353,4676,0.765,0.909,0.3123340438061444,0.53669825569193,21,22,10,4,15,26,7,10
2353,4677,0.658,0.9,0.3449732158957409,0.5560933099987757,21,22,10,4,16,26,7,10
2353,4678,0.538,0.889,0.38511793858131826,0.5797874874096061,21,22,10,4,17,26,7,10
2353,4679,0.449,0.875,0.42944167032156,0.6065385863067723,21,22,10,4,18,26,7,10
2353,4680,0.429,0.858,0.4584933274462403,0.6249809088404902,21,22,10,4,19,26,7,10
2353,4681,0.583,0.834,0.4243461287226017,0.6064800850715258,21,22,10,4,20,26,7,10
2353,4682,0.968,0.8,0.37566136075918677,0.5524151858782295,21,22,10,4,21,26,7,10
2353,4683,1,1,0.45888365634355865,0.5671657709582985,21,22,10,4,22,26,7,10
2353,4687,0.929,0.942,0.2478721620473252,0.49026883731985116,21,22,10,4,10,27,7,10
2353,4688,0.899,0.938,0.25442679782696587,0.49775423946022657,21,22,10,4,11,27,7,10
2353,4689,0.857,0.934,0.26435897487027715,0.507137522260056,21,22,10,4,12,27,7,10
2353,4690,0.8,0.929,0.2791402214221803,0.5185771354478348,21,22,10,4,13,27,7,10
2353,4691,0.724,0.923,0.3003320156038194,0.5321786495715144,21,22,10,4,14,27,7,10
2353,4692,0.633,0.917,0.3277148241740018,0.5479082481254314,21,22,10,4,15,27,7,10
2353,4693,0.538,0.91,0.35815076091946896,0.5655474044919908,21,22,10,4,16,27,7,10
2353,4694,0.467,0.9,0.38946205791061883,0.5844119929915506,21,22,10,4,17,27,7,10
2353,4695,0.444,0.889,0.4148376248551642,0.6009938614323709,21,22,10,4,18,27,7,10
2353,4696,0.472,0.875,0.4158369062998598,0.6044152610151287,21,22,10,4,19,27,7,10
2353,4697,0.728,0.857,0.3736892897236186,0.5802217502631917,21,22,10,4,20,27,7,10
2353,4698,0.987,0.834,0.3690160105503346,0.5468787572483735,21,22,10,4,21,27,7,10
2353,4699,1,1,0.4565002158039928,0.5688207336494758,21,22,10,4,22,27,7,10
2353,4704,0.866,0.945,0.25043031494125634,0.49733536127232136,21,22,10,4,10,28,7,10
2353,4705,0.821,0.942,0.25969683531564824,0.5058237825702196,21,22,10,4,11,28,7,10
2353,4706,0.764,0.938,0.2728624882348467,0.5159789971918158,21,22,10,4,12,28,7,10
2353,4707,0.694,0.934,0.29085407522320816,0.5277478778683555,21,22,10,4,13,28,7,10
2353,4708,0.616,0.929,0.3136316924612488,0.540923718982361,21,22,10,4,14,28,7,10
2353,4709,0.538,0.924,0.3384732382507343,0.5550817024688615,21,22,10,4,15,28,7,10
2353,4710,0.479,0.917,0.36274360626739566,0.5695940840790944,21,22,10,4,16,28,7,10
2353,4711,0.455,0.909,0.3835683031458027,0.5831840480219181,21,22,10,4,17,28,7,10
2353,4712,0.456,0.9,0.39399146503390914,0.592021294751164,21,22,10,4,18,28,7,10
2353,4713,0.553,0.889,0.38137547180097875,0.5881121652111314,21,22,10,4,19,28,7,10
2353,4714,0.83,0.876,0.3501376698293007,0.5659628366596254,21,22,10,4,20,28,7,10
2353,4715,0.994,0.857,0.3734759870247989,0.547261150115566,21,22,10,4,21,28,7,10
2353,4716,1,1,0.454545732867368,0.5698693861443717,21,22,10,4,22,28,7,10
2353,4722,0.79,0.948,0.2562918425595695,0.5044737935015898,21,22,10,4,10,29,7,10
2353,4723,0.735,0.945,0.2679507350920387,0.5134245772815629,21,22,10,4,11,29,7,10
2353,4724,0.672,0.941,0.28327913649806946,0.5236622928942893,21,22,10,4,12,29,7,10
2353,4725,0.604,0.938,0.3021296899109691,0.5349506898404597,21,22,10,4,13,29,7,10
2353,4726,0.539,0.934,0.3233542560370821,0.546885585256596,21,22,10,4,14,29,7,10
2353,4727,0.488,0.929,0.3437130803075975,0.5588890548608543,21,22,10,4,15,29,7,10
2353,4728,0.463,0.923,0.3612695277389,0.5702440665170316,21,22,10,4,16,29,7,10
2353,4729,0.459,0.917,0.37339538515409676,0.5795816236437772,21,22,10,4,17,29,7,10
2353,4730,0.49,0.91,0.37441579082680454,0.5835493657503104,21,22,10,4,18,29,7,10
2353,4731,0.645,0.9,0.3581492025392331,0.576816529209959,21,22,10,4,19,29,7,10
2353,4732,0.894,0.889,0.3428695087780681,0.5586747344196834,21,22,10,4,20,29,7,10
2353,4733,0.997,0.876,0.3788099506166209,0.5490325925532344,21,22,10,4,21,29,7,10
2353,4734,1,1,0.4448529861007643,0.5682492569108049,21,22,10,4,22,29,7,10
2353,4741,0.712,0.95,0.2640384675849946,0.5110656729825507,21,22,10,4,10,30,7,10
2353,4742,0.655,0.948,0.2770845237979547,0.5200144452502371,21,22,10,4,11,30,7,10
2353,4743,0.595,0.945,0.2929474467941786,0.5298359322931238,21,22,10,4,12,30,7,10
2353,4744,0.539,0.942,0.31110923735866824,0.5401884154112634,21,22,10,4,13,30,7,10
2353,4745,0.495,0.938,0.3292624030306053,0.5506023056107773,21,22,10,4,14,30,7,10
2353,4746,0.47,0.934,0.34478890678545904,0.5605134050333919,21,22,10,4,15,30,7,10
2353,4747,0.464,0.929,0.3567732034512725,0.5692677577249616,21,22,10,4,16,30,7,10
2353,4748,0.472,0.923,0.362809599551293,0.575595520590386,21,22,10,4,17,30,7,10
2353,4749,0.544,0.917,0.3587668871165285,0.5767445780425852,21,22,10,4,18,30,7,10
2353,4750,0.728,0.91,0.3446565584359329,0.5692550100576548,21,22,10,4,19,30,7,10
2353,4751,0.934,0.901,0.34149193981696124,0.5547158322566337,21,22,10,4,20,30,7,10
2353,4752,0.999,0.889,0.38011816305792734,0.5497382092769967,21,22,10,4,21,30,7,10
2353,4753,1,1,0.4307655591202615,0.5642621615132418,21,22,10,4,22,30,7,10
2353,4761,0.641,0.953,0.27206244088791665,0.5168253092697148,21,22,10,4,10,31,7,10
2353,4762,0.589,0.95,0.2856248167589074,0.5254533294509283,21,22,10,4,11,31,7,10
2353,4763,0.54,0.948,0.3012373584794217,0.5345864603356372,21,22,10,4,12,31,7,10
2353,4764,0.5,0.945,0.3175314229870835,0.5438514564922927,21,22,10,4,13,31,7,10
2353,4765,0.476,0.941,0.3320403322733062,0.5527994449402369,21,22,10,4,14,31,7,10
2353,4766,0.469,0.938,0.3436439306158027,0.56094686632092,21,22,10,4,15,31,7,10
2353,4767,0.469,0.934,0.35153163385103914,0.5677271374119395,21,22,10,4,16,31,7,10
2353,4768,0.5,0.929,0.3533610106862852,0.5719860091815586,21,22,10,4,17,31,7,10
2353,4769,0.607,0.924,0.3471163985024659,0.5714571117042329,21,22,10,4,18,31,7,10
2353,4770,0.795,0.917,0.3361741568449991,0.5638876795418786,21,22,10,4,19,31,7,10
2353,4771,0.958,0.909,0.34197378267427136,0.5518844817841053,21,22,10,4,20,31,7,10
2353,4772,0.999,0.901,0.37787128950293514,0.548856137580479,21,22,10,4,21,31,7,10
2353,4773,1,1,0.4153251462610238,0.5592738397046406,21,22,10,4,22,31,7,10
2353,4782,0.583,0.955,0.27974121066447133,0.5217046906947966,21,22,10,4,10,32,7,10
2353,4783,0.54,0.953,0.2932646253941974,0.5298366496479072,21,22,10,4,11,32,7,10
2353,4784,0.505,0.95,0.3077310906834564,0.5381856797446898,21,22,10,4,12,32,7,10
2353,4785,0.482,0.948,0.3215698232413625,0.5463931774290214,21,22,10,4,13,32,7,10
2353,4786,0.472,0.945,0.3330470922937,0.5540652815751257,21,22,10,4,14,32,7,10
2353,4787,0.471,0.942,0.34164344421816584,0.5608011043943532,21,22,10,4,15,32,7,10
2353,4788,0.483,0.938,0.3462090482674747,0.5660917875176783,21,22,10,4,16,32,7,10
2353,4789,0.54,0.934,0.34518126017165374,0.5688604011514771,21,22,10,4,17,32,7,10
2353,4790,0.671,0.929,0.3379206326048644,0.5671892157390883,21,22,10,4,18,32,7,10
2353,4791,0.848,0.924,0.33126285337999295,0.5596093305484287,21,22,10,4,19,32,7,10
2353,4792,0.973,0.917,0.342380361035318,0.5491594848246653,21,22,10,4,20,32,7,10
2353,4793,1,0.91,0.37258891240203684,0.5466581685726735,21,22,10,4,21,32,7,10
2353,4794,1,1,0.3993139509527014,0.5538582698426243,21,22,10,4,22,32,7,10
2353,4804,0.54,0.957,0.28680338007631945,0.5257840473601341,21,22,10,4,10,33,7,10
2353,4805,0.508,0.955,0.2996418640586992,0.5333499255751624,21,22,10,4,11,33,7,10
2353,4806,0.486,0.953,0.31259139027121297,0.5409231187011517,21,22,10,4,12,33,7,10
2353,4807,0.476,0.95,0.324098719438464,0.5481790886203111,21,22,10,4,13,33,7,10
2353,4808,0.474,0.948,0.3331395576874471,0.5547806049237636,21,22,10,4,14,33,7,10
2353,4809,0.477,0.945,0.3390530197215512,0.5603843924950058,21,22,10,4,15,33,7,10
2353,4810,0.507,0.942,0.34095743640670795,0.5644981396258947,21,22,10,4,16,33,7,10
2353,4811,0.588,0.938,0.3377830347195705,0.5660787256606674,21,22,10,4,17,33,7,10
2353,4812,0.728,0.934,0.3311539868012148,0.5634567292650042,21,22,10,4,18,33,7,10
2353,4813,0.887,0.929,0.32855463358673775,0.5557167067109933,21,22,10,4,19,33,7,10
2353,4814,0.982,0.923,0.34129355731593525,0.5461030081977699,21,22,10,4,20,33,7,10
2353,4815,1,0.917,0.3650885575773153,0.5434707601582235,21,22,10,4,21,33,7,10
2353,4816,1,1,0.3835090338345455,0.5482184004212465,21,22,10,4,22,33,7,10
2353,4827,0.511,0.959,0.29297661909431416,0.5291890619268224,21,22,10,4,10,34,7,10
2353,4828,0.49,0.957,0.30488182457257795,0.5361819845124928,21,22,10,4,11,34,7,10
2353,4829,0.479,0.955,0.31619873051588687,0.5430344445917322,21,22,10,4,12,34,7,10
2353,4830,0.476,0.953,0.32567418008575477,0.5494577394684157,21,22,10,4,13,34,7,10
2353,4831,0.476,0.95,0.3324060680794598,0.5551572415001531,21,22,10,4,14,34,7,10
2353,4832,0.491,0.948,0.3360041918982083,0.5598153310608582,21,22,10,4,15,34,7,10
2353,4833,0.539,0.945,0.335647504936077,0.5629202458383729,21,22,10,4,16,34,7,10
2353,4834,0.637,0.942,0.33169348759786366,0.563433750588676,21,22,10,4,17,34,7,10
2353,4835,0.779,0.938,0.32644955304867596,0.5598870971988341,21,22,10,4,18,34,7,10
2353,4836,0.916,0.934,0.3263774003533684,0.5518225599106277,21,22,10,4,19,34,7,10
2353,4837,0.988,0.929,0.3385656395893615,0.5426249866441144,21,22,10,4,20,34,7,10
2353,4838,1,0.924,0.35652714041675004,0.539666261157661,21,22,10,4,21,34,7,10
2353,4839,1,1,0.3692010586007146,0.5426395071584529,21,22,10,4,22,34,7,10
2353,4851,0.494,0.96,0.2983285657848116,0.5320458755119687,21,22,10,4,10,35,7,10
2353,4852,0.482,0.959,0.30913142772607205,0.5384902498714552,21,22,10,4,11,35,7,10
2353,4853,0.478,0.957,0.31884884287298965,0.5446889060253846,21,22,10,4,12,35,7,10
2353,4854,0.477,0.955,0.32627222293632907,0.5503812744767194,21,22,10,4,13,35,7,10
2353,4855,0.484,0.953,0.33094591951415364,0.5552961017012553,21,22,10,4,14,35,7,10
2353,4856,0.511,0.95,0.3325812620473715,0.5591124849153806,21,22,10,4,15,35,7,10
2353,4857,0.576,0.948,0.33101736818164884,0.5612762540033316,21,22,10,4,16,35,7,10
2353,4858,0.685,0.945,0.32695714323132175,0.5607493324998414,21,22,10,4,17,35,7,10
2353,4859,0.821,0.942,0.32273993525449907,0.5562662686435988,21,22,10,4,18,35,7,10
2353,4860,0.937,0.938,0.3242501521501645,0.5478071990437889,21,22,10,4,19,35,7,10
2353,4861,0.992,0.934,0.3349991815567571,0.5388736234421371,21,22,10,4,20,35,7,10
2353,4862,1,0.929,0.3482521103696049,0.5356703333611774,21,22,10,4,21,35,7,10
2353,4863,1,1,0.3570338349132296,0.5374900566451781,21,22,10,4,22,35,7,10
2353,4931,1,1,0.30721930797593167,0.49307430726979085,21,22,10,4,10,21,10,10
2353,4932,1,1,0.3128919634280777,0.4963177843045521,21,22,10,4,11,21,10,10
2353,4933,1,1,0.3215669240037542,0.5012879837011195,21,22,10,4,12,21,10,10
2353,4934,1,1,0.33285233185916996,0.5077901692396449,21,22,10,4,13,21,10,10
2353,4935,1,1,0.34699853197701813,0.5155972627242307,21,22,10,4,14,21,10,10
2353,4936,1,1,0.36648797576860903,0.5247894378730618,21,22,10,4,15,21,10,10
2353,4937,1,1,0.39982782429557884,0.536739598734167,21,22,10,4,16,21,10,10
2353,4938,1,1,0.4543314274197163,0.5533023935065922,21,22,10,4,17,21,10,10
2353,4939,1,1,0.5150702924762874,0.5701463519866323,21,22,10,4,18,21,10,10
2353,4940,1,1,0.5923688163681566,0.5916129935862808,21,22,10,4,19,21,10,10
2353,4941,1,1,0.6728639103744403,0.628088488642258,21,22,10,4,20,21,10,10
2353,4942,1,0.917,0.28894535086457074,0.48743782660363866,21,22,10,4,10,22,10,10
2353,4943,1,0.91,0.29407188745146895,0.491011213018535,21,22,10,4,11,22,10,10
2353,4944,1,0.901,0.3012622689557517,0.49574521486824685,21,22,10,4,12,22,10,10
2353,4945,1,0.889,0.31037700196889817,0.501416935727501,21,22,10,4,13,22,10,10
2353,4946,1,0.876,0.3225587806923502,0.5079754001429031,21,22,10,4,14,22,10,10
2353,4947,1,0.857,0.3416514649235495,0.5156075395877128,21,22,10,4,15,22,10,10
2353,4948,1,0.834,0.37005904811017376,0.5245192852579228,21,22,10,4,16,22,10,10
2353,4949,1,0.8,0.4028042555803555,0.5335121675121373,21,22,10,4,17,22,10,10
2353,4950,0.999,0.75,0.43534850777751033,0.5425455663069956,21,22,10,4,18,22,10,10
2353,4951,0.994,0.667,0.4814941724516173,0.5593923788906608,21,22,10,4,19,22,10,10
2353,4952,0.961,0.501,0.5818344074183706,0.6059311728628518,21,22,10,4,20,22,10,10
2353,4953,0.606,0,0.7995498795671971,0.7847923354931907,21,22,10,4,21,22,10,10
2353,4954,1,0.923,0.2741746066637968,0.4836569322949069,21,22,10,4,10,23,10,10
2353,4955,1,0.917,0.2787866355148946,0.4874175770232274,21,22,10,4,11,23,10,10
2353,4956,0.999,0.909,0.2848806254071071,0.4920710761541457,21,22,10,4,12,23,10,10
2353,4957,0.999,0.901,0.2928972994756487,0.4975633648883615,21,22,10,4,13,23,10,10
2353,4958,0.997,0.889,0.30470593126677614,0.5040583340038025,21,22,10,4,14,23,10,10
2353,4959,0.993,0.876,0.3218651380180827,0.5119056756829701,21,22,10,4,15,23,10,10
2353,4960,0.984,0.857,0.3431408969320491,0.5218744548385195,21,22,10,4,16,23,10,10
2353,4961,0.96,0.834,0.3676493434918483,0.5366239190406057,21,22,10,4,17,23,10,10
2353,4962,0.895,0.8,0.40726482054177604,0.5654497176123143,21,22,10,4,18,23,10,10
2353,4963,0.72,0.751,0.4990860684795636,0.6293770428872975,21,22,10,4,19,23,10,10
2353,4964,0.373,0.667,0.6797207780857838,0.7507651041148383,21,22,10,4,20,23,10,10
2353,4965,0.625,0.501,0.6656369315079663,0.7106853579839801,21,22,10,4,21,23,10,10
2353,4966,1,1,0.6722107044210337,0.6227996365822166,21,22,10,4,22,23,10,10
2353,4967,0.995,0.929,0.2626086461095015,0.48389931613018344,21,22,10,4,10,24,10,10
2353,4968,0.992,0.924,0.267160492433724,0.4888509291064578,21,22,10,4,11,24,10,10
2353,4969,0.986,0.917,0.27352404127389995,0.4950880564970447,21,22,10,4,12,24,10,10
2353,4970,0.975,0.91,0.28280522946361897,0.502945615489711,21,22,10,4,13,24,10,10
2353,4971,0.955,0.9,0.29702461644745193,0.5130839520486624,21,22,10,4,14,24,10,10
2353,4972,0.919,0.889,0.3173832807161723,0.5266080726835752,21,22,10,4,15,24,10,10
2353,4973,0.851,0.875,0.34534896758938627,0.5456918871072731,21,22,10,4,16,24,10,10
2353,4974,0.733,0.858,0.38935326401689296,0.5746682370196547,21,22,10,4,17,24,10,10
2353,4975,0.556,0.834,0.4613037721428711,0.6195120385797525,21,22,10,4,18,24,10,10
2353,4976,0.403,0.8,0.5534878033870837,0.6754122900421715,21,22,10,4,19,24,10,10
2353,4977,0.415,0.751,0.5770674631639281,0.682801293371013,21,22,10,4,20,24,10,10
2353,4978,0.941,0.667,0.46483128262311235,0.5824195706643239,21,22,10,4,21,24,10,10
2353,4979,1,1,0.5669322124535836,0.5927119748351968,21,22,10,4,22,24,10,10
2353,4981,0.969,0.934,0.25613125158938876,0.48978486668819277,21,22,10,4,10,25,10,10
2353,4982,0.952,0.929,0.26258447251128814,0.49692435750787334,21,22,10,4,11,25,10,10
2353,4983,0.927,0.924,0.2721592956002983,0.5058964537644097,21,22,10,4,12,25,10,10
2353,4984,0.887,0.917,0.2867222751792047,0.5171690637534437,21,22,10,4,13,25,10,10
2353,4985,0.826,0.91,0.30809906582478697,0.5313805697673724,21,22,10,4,14,25,10,10
2353,4986,0.739,0.9,0.3370649717158215,0.5493791464500595,21,22,10,4,15,25,10,10
2353,4987,0.623,0.889,0.375191494718051,0.5723854007277762,21,22,10,4,16,25,10,10
2353,4988,0.501,0.875,0.4233819524162674,0.6011463504448565,21,22,10,4,17,25,10,10
2353,4989,0.427,0.858,0.4738958081317607,0.6312671074939926,21,22,10,4,18,25,10,10
2353,4990,0.424,0.834,0.49391339353288777,0.6426714970305089,21,22,10,4,19,25,10,10
2353,4991,0.694,0.8,0.4339533139142979,0.6051554791835014,21,22,10,4,20,25,10,10
2353,4992,0.99,0.75,0.415967398072949,0.5560081427887679,21,22,10,4,21,25,10,10
2353,4993,1,1,0.5141864082261036,0.582688663677113,21,22,10,4,22,25,10,10
2353,4996,0.903,0.938,0.2574657064282099,0.49974711573109043,21,22,10,4,10,26,10,10
2353,4997,0.864,0.934,0.26784768640088885,0.5089210864729111,21,22,10,4,11,26,10,10
2353,4998,0.812,0.929,0.28278881799865707,0.51998785544943,21,22,10,4,12,26,10,10
2353,4999,0.742,0.923,0.30352704346854875,0.5331575323742881,21,22,10,4,13,26,10,10
2353,5000,0.657,0.917,0.3300171675922602,0.548559558175451,21,22,10,4,14,26,10,10
2353,5001,0.563,0.909,0.3604666652508698,0.5661942856924929,21,22,10,4,15,26,10,10
2353,5002,0.483,0.9,0.39345942358326524,0.585636434510687,21,22,10,4,16,26,10,10
2353,5003,0.442,0.889,0.42417395444351325,0.6044500118575522,21,22,10,4,17,26,10,10
2353,5004,0.438,0.875,0.43928803444656694,0.6149639324530367,21,22,10,4,18,26,10,10
2353,5005,0.555,0.858,0.41725870167368584,0.6040273335189332,21,22,10,4,19,26,10,10
2353,5006,0.872,0.834,0.3734399393549218,0.5695089846724519,21,22,10,4,20,26,10,10
2353,5007,0.998,0.8,0.4089706059981886,0.5533243770239187,21,22,10,4,21,26,10,10
2353,5008,1,1,0.5096900377710893,0.5842531608839401,21,22,10,4,22,26,10,10
2353,5012,0.802,0.942,0.26638077658074666,0.5109926200648252,21,22,10,4,10,27,10,10
2353,5013,0.745,0.938,0.2809715728170724,0.5212117403291321,21,22,10,4,11,27,10,10
2353,5014,0.677,0.934,0.29989717320402276,0.5328569478329293,21,22,10,4,12,27,10,10
2353,5015,0.603,0.929,0.32275654913804397,0.5457734854494325,21,22,10,4,13,27,10,10
2353,5016,0.531,0.923,0.3469107886053162,0.5596136469164468,21,22,10,4,14,27,10,10
2353,5017,0.477,0.917,0.37074327481790903,0.5737740908111986,21,22,10,4,15,27,10,10
2353,5018,0.452,0.91,0.3914873988124511,0.5869554138979869,21,22,10,4,16,27,10,10
2353,5019,0.449,0.9,0.40329470420353986,0.5959945559292904,21,22,10,4,17,27,10,10
2353,5020,0.506,0.889,0.3969701260274784,0.5950845187711953,21,22,10,4,18,27,10,10
2353,5021,0.716,0.875,0.3693700014882545,0.5793206625922687,21,22,10,4,19,27,10,10
2353,5022,0.948,0.857,0.3612304807790909,0.5567920472704097,21,22,10,4,20,27,10,10
2353,5023,1,0.834,0.4200795655842702,0.558337817914984,21,22,10,4,21,27,10,10
2353,5024,1,1,0.5122358013108687,0.586720136875431,21,22,10,4,22,27,10,10
2353,5029,0.69,0.945,0.2796332855826167,0.5213228839049322,21,22,10,4,10,28,10,10
2353,5030,0.629,0.942,0.29632776382223425,0.5314831312694613,21,22,10,4,11,28,10,10
2353,5031,0.568,0.938,0.3155158361397984,0.5423847655197809,21,22,10,4,12,28,10,10
2353,5032,0.513,0.934,0.3353494941163373,0.553646351965625,21,22,10,4,13,28,10,10
2353,5033,0.475,0.929,0.35373180007840843,0.5647262776545552,21,22,10,4,14,28,10,10
2353,5034,0.459,0.924,0.36916228593071065,0.5748593312405013,21,22,10,4,15,28,10,10
2353,5035,0.457,0.917,0.37898336398595966,0.5826584606857257,21,22,10,4,16,28,10,10
2353,5036,0.488,0.909,0.37893024573448164,0.5855423133780153,21,22,10,4,17,28,10,10
2353,5037,0.617,0.9,0.36542888731974865,0.5802321996126183,21,22,10,4,18,28,10,10
2353,5038,0.834,0.889,0.34988604617597974,0.5664936344313929,21,22,10,4,19,28,10,10
2353,5039,0.978,0.876,0.36882346046979,0.5544279966320458,21,22,10,4,20,28,10,10
2353,5040,1,0.857,0.4308190052955724,0.5632031417393282,21,22,10,4,21,28,10,10
2353,5041,1,1,0.49946947766571836,0.5842315044486928,21,22,10,4,22,28,10,10
2353,5047,0.595,0.948,0.29271041074756476,0.5296634989945705,21,22,10,4,10,29,10,10
2353,5048,0.545,0.945,0.3090274339391015,0.5390074001213994,21,22,10,4,11,29,10,10
2353,5049,0.503,0.941,0.3258068606221125,0.5484893730755879,21,22,10,4,12,29,10,10
2353,5050,0.476,0.938,0.34092929850719733,0.5576810346355977,21,22,10,4,13,29,10,10
2353,5051,0.465,0.934,0.3533085199423456,0.5660669825960079,21,22,10,4,14,29,10,10
2353,5052,0.463,0.929,0.3619133420308349,0.572964655726586,21,22,10,4,15,29,10,10
2353,5053,0.481,0.923,0.3645249512300942,0.5772180545224032,21,22,10,4,16,29,10,10
2353,5054,0.563,0.917,0.35907699492115175,0.5770298083546477,21,22,10,4,17,29,10,10
2353,5055,0.726,0.91,0.3482828208803591,0.5708850310200715,21,22,10,4,18,29,10,10
2353,5056,0.906,0.9,0.3473127686135493,0.5605644606352909,21,22,10,4,19,29,10,10
2353,5057,0.991,0.889,0.37792815379228817,0.5549513737531782,21,22,10,4,20,29,10,10
2353,5058,1,0.876,0.42996375804181597,0.5641866459179015,21,22,10,4,21,29,10,10
2353,5059,1,1,0.4763363112373935,0.5778436296671083,21,22,10,4,22,29,10,10
2353,5066,0.529,0.95,0.30352792869087375,0.5358872552022623,21,22,10,4,10,30,10,10
2353,5067,0.497,0.948,0.317963998477114,0.5441001076674383,21,22,10,4,11,30,10,10
2353,5068,0.477,0.945,0.33100205518517956,0.5520532730090858,21,22,10,4,12,30,10,10
2353,5069,0.469,0.942,0.34167600883422145,0.5593741728139878,21,22,10,4,13,30,10,10
2353,5070,0.467,0.938,0.3495603642152748,0.5656501133665026,21,22,10,4,14,30,10,10
2353,5071,0.479,0.934,0.3534780454666193,0.5703258706586132,21,22,10,4,15,30,10,10
2353,5072,0.533,0.929,0.35219589694581,0.57248497466689,21,22,10,4,16,30,10,10
2353,5073,0.65,0.923,0.3460919602465067,0.5709037286997016,21,22,10,4,17,30,10,10
2353,5074,0.813,0.917,0.3402870502446885,0.5650363039412309,21,22,10,4,18,30,10,10
2353,5075,0.947,0.91,0.3493726232720884,0.5572535457236502,21,22,10,4,19,30,10,10
2353,5076,0.996,0.901,0.38188789541382684,0.5544462504143118,21,22,10,4,20,30,10,10
2353,5077,1,0.889,0.42136838470328175,0.5615513555635561,21,22,10,4,21,30,10,10
2353,5078,1,1,0.45334020171917644,0.5706070871662964,21,22,10,4,22,30,10,10
2353,5086,0.493,0.953,0.31147858025044683,0.5403681321071242,21,22,10,4,10,31,10,10
2353,5087,0.478,0.95,0.32313819782850217,0.5474453437807194,21,22,10,4,11,31,10,10
2353,5088,0.472,0.948,0.3328812004740139,0.5540505646650853,21,22,10,4,12,31,10,10
2353,5089,0.471,0.945,0.34034710998492423,0.5598883769069012,21,22,10,4,13,31,10,10
2353,5090,0.479,0.941,0.34486510435838313,0.5646327017293146,21,22,10,4,14,31,10,10
2353,5091,0.515,0.938,0.3456964287420048,0.5678106284243072,21,22,10,4,15,31,10,10
2353,5092,0.6,0.934,0.34249958786817425,0.5686588446124301,21,22,10,4,16,31,10,10
2353,5093,0.732,0.929,0.33721405252194225,0.566300774718244,21,22,10,4,17,31,10,10
2353,5094,0.876,0.924,0.3371085618396793,0.5606888318868634,21,22,10,4,18,31,10,10
2353,5095,0.97,0.917,0.35200146609063954,0.5542538593059753,21,22,10,4,19,31,10,10
2353,5096,0.998,0.909,0.38047853450940083,0.5522670314491417,21,22,10,4,20,31,10,10
2353,5097,1,0.901,0.4088779065420346,0.5572063000995455,21,22,10,4,21,31,10,10
2353,5098,1,1,0.4314732787026492,0.563538322533097,21,22,10,4,22,31,10,10
2353,5107,0.479,0.955,0.3167928865586487,0.5435888118201873,21,22,10,4,10,32,10,10
2353,5108,0.475,0.953,0.32598542393982954,0.5496612268590398,21,22,10,4,11,32,10,10
2353,5109,0.474,0.95,0.3331739974676896,0.5551642995877017,21,22,10,4,12,32,10,10
2353,5110,0.479,0.948,0.33795172895047976,0.5598604668806944,21,22,10,4,13,32,10,10
2353,5111,0.505,0.945,0.339902655570244,0.5634660584053905,21,22,10,4,14,32,10,10
2353,5112,0.567,0.942,0.3384905353017982,0.5655339524317873,21,22,10,4,15,32,10,10
2353,5113,0.671,0.938,0.33469709254384916,0.5653766533988305,21,22,10,4,16,32,10,10
2353,5114,0.801,0.934,0.33197147618282974,0.5623294744487011,21,22,10,4,17,32,10,10
2353,5115,0.918,0.929,0.3364021286546248,0.5566471215220481,21,22,10,4,18,32,10,10
2353,5116,0.983,0.924,0.35229360220860795,0.5507233655299215,21,22,10,4,19,32,10,10
2353,5117,0.999,0.917,0.3746251048620727,0.5487140002405066,21,22,10,4,20,32,10,10
2353,5118,1,0.91,0.3938931094288648,0.5518748128686701,21,22,10,4,21,32,10,10
2353,5119,1,1,0.40992799282060777,0.5561561440453435,21,22,10,4,22,32,10,10
2353,5129,0.477,0.957,0.32037053032751117,0.5459460137687047,21,22,10,4,10,33,10,10
2353,5130,0.476,0.955,0.3273764311882861,0.5511665254630442,21,22,10,4,11,33,10,10
2353,5131,0.48,0.953,0.3322825440442536,0.55577177224576,21,22,10,4,12,33,10,10
2353,5132,0.499,0.95,0.33481369655492355,0.5595502693430007,21,22,10,4,13,33,10,10
2353,5133,0.545,0.948,0.3345734095685188,0.5622170699444802,21,22,10,4,14,33,10,10
2353,5134,0.626,0.945,0.33213246888087267,0.5633092459977476,21,22,10,4,15,33,10,10
2353,5135,0.736,0.942,0.32932391518036896,0.5621775395635988,21,22,10,4,16,33,10,10
2353,5136,0.855,0.938,0.329027122664416,0.5583317862447679,21,22,10,4,17,33,10,10
2353,5137,0.946,0.934,0.3354358716529784,0.5522981503171592,21,22,10,4,18,33,10,10
2353,5138,0.99,0.929,0.349498141234877,0.5464641836433066,21,22,10,4,19,33,10,10
2353,5139,0.999,0.923,0.3657382025972178,0.544194305672957,21,22,10,4,20,33,10,10
2353,5140,1,0.917,0.3786432317572528,0.5460322338684109,21,22,10,4,21,33,10,10
2353,5141,1,1,0.39006325026899036,0.5488784798799161,21,22,10,4,22,33,10,10
2353,5152,0.478,0.959,0.32252269346027296,0.5477052928298569,21,22,10,4,10,34,10,10
2353,5153,0.481,0.957,0.32745141567707947,0.5521948049438088,21,22,10,4,11,34,10,10
2353,5154,0.495,0.955,0.33034711807714867,0.5560303326111663,21,22,10,4,12,34,10,10
2353,5155,0.53,0.953,0.33101502713079745,0.5589960919437773,21,22,10,4,13,34,10,10
2353,5156,0.593,0.95,0.3297575134137597,0.5607756914535715,21,22,10,4,14,34,10,10
2353,5157,0.685,0.948,0.32741750953816084,0.5608768533296353,21,22,10,4,15,34,10,10
2353,5158,0.793,0.945,0.3254140450391181,0.5587012281383252,21,22,10,4,16,34,10,10
2353,5159,0.895,0.942,0.3266392046476312,0.5539692144535246,21,22,10,4,17,34,10,10
2353,5160,0.964,0.938,0.33336579820633805,0.5475053987536953,21,22,10,4,18,34,10,10
2353,5161,0.994,0.934,0.34474091301739196,0.5416963640284055,21,22,10,4,19,34,10,10
2353,5162,1,0.929,0.3559697658612373,0.5392667052684823,21,22,10,4,20,34,10,10
2353,5163,1,0.924,0.36469333498198764,0.540283040952545,21,22,10,4,21,34,10,10
2353,5164,1,1,0.3731423995995897,0.5423134510876724,21,22,10,4,22,34,10,10
2353,5176,0.482,0.96,0.32323330251636584,0.5490205329509911,21,22,10,4,10,35,10,10
2353,5177,0.493,0.959,0.326488448564342,0.5528512132872727,21,22,10,4,11,35,10,10
2353,5178,0.52,0.957,0.32794356358981624,0.5559719494143264,21,22,10,4,12,35,10,10
2353,5179,0.57,0.955,0.32760569778425064,0.5581420168432021,21,22,10,4,13,35,10,10
2353,5180,0.645,0.953,0.32583091351729143,0.5590047963593567,21,22,10,4,14,35,10,10
2353,5181,0.739,0.95,0.3235322461212079,0.5580585840788421,21,22,10,4,15,35,10,10
2353,5182,0.84,0.948,0.32241842811321886,0.5548102363350663,21,22,10,4,16,35,10,10
2353,5183,0.924,0.945,0.3244384952147735,0.5492524063084472,21,22,10,4,17,35,10,10
2353,5184,0.976,0.942,0.33082604058157195,0.5425088105685744,21,22,10,4,18,35,10,10
2353,5185,0.996,0.938,0.3395977167214017,0.5369053514073185,21,22,10,4,19,35,10,10
2353,5186,1,0.934,0.3471489757393531,0.5345922391188007,21,22,10,4,20,35,10,10
2353,5187,1,0.929,0.3537232759065987,0.5353033679880119,21,22,10,4,21,35,10,10
2353,5188,1,1,0.36140871774821826,0.53710782686783,21,22,10,4,22,35,10,10
