spA_par,spB_par,Dissimilarity,Exclusivity,D,I,a_A,b_A,alpha_A,gamma_A,a_B,b_B,alpha_B,gamma_B
2300,2300,0,0,1,1,13,17,10,4,13,17,10,4
2300,2301,0.281,0.25,0.8262707877541268,0.8615323428252163,13,17,10,4,14,17,10,4
2300,2302,0.592,0.5,0.6377978830545887,0.7141977455370732,13,17,10,4,15,17,10,4
2300,2303,0.885,0.75,0.5003791080652875,0.6075278981538299,13,17,10,4,16,17,10,4
2300,2304,0.251,0.5,0.7637771813687471,0.8132221721003091,13,17,10,4,10,18,10,4
2300,2305,0.216,0.429,0.7881665392455746,0.8251627593513204,13,17,10,4,11,18,10,4
2300,2306,0.259,0.334,0.7580956343702263,0.7998740711867116,13,17,10,4,12,18,10,4
2300,2307,0.491,0.2,0.6618842693994207,0.7323342513747151,13,17,10,4,13,18,10,4
2300,2308,0.73,0.4,0.5682154891835425,0.6416145814167549,13,17,10,4,14,18,10,4
2300,2309,0.912,0.6,0.4954450480614877,0.5624643276732304,13,17,10,4,15,18,10,4
2300,2310,0.994,0.8,0.459106105311603,0.5374814465091317,13,17,10,4,16,18,10,4
2300,2311,1,1,0.4678230221773748,0.5640182759583896,13,17,10,4,17,18,10,4
2300,2312,0.313,0.556,0.6461419864883133,0.7284790856895458,13,17,10,4,10,19,10,4
2300,2313,0.396,0.5,0.6020741870984346,0.7007320389705992,13,17,10,4,11,19,10,4
2300,2314,0.574,0.429,0.5305204506915482,0.6560811592628302,13,17,10,4,12,19,10,4
2300,2315,0.764,0.333,0.4592832425242259,0.5996541701405742,13,17,10,4,13,19,10,4
2300,2316,0.905,0.5,0.41251887184654545,0.5446198619257732,13,17,10,4,14,19,10,4
2300,2317,0.981,0.667,0.4088819554838963,0.5110200469884978,13,17,10,4,15,19,10,4
2300,2318,0.999,0.834,0.44526402476363813,0.511236106033115,13,17,10,4,16,19,10,4
2300,2319,1,1,0.45602117501463657,0.5321798688366302,13,17,10,4,17,19,10,4
2300,2321,0.48,0.6,0.5025702169498554,0.644106704204096,13,17,10,4,10,20,10,4
2300,2322,0.619,0.556,0.4503772930583694,0.612387638478593,13,17,10,4,11,20,10,4
2300,2323,0.773,0.5,0.39771041471003143,0.5741494658558575,13,17,10,4,12,20,10,4
2300,2324,0.894,0.429,0.360161226198763,0.5348692519040603,13,17,10,4,13,20,10,4
2300,2325,0.967,0.572,0.34822477060007095,0.5040605533001444,13,17,10,4,14,20,10,4
2300,2326,0.995,0.715,0.36764494330436204,0.49203043162509186,13,17,10,4,15,20,10,4
2300,2327,1,0.858,0.4164202650513783,0.49951052625401704,13,17,10,4,16,20,10,4
2300,2328,1,1,0.4489034253083901,0.5153772614040564,13,17,10,4,17,20,10,4
2300,2331,0.649,0.637,0.3971938506812286,0.5843034107236134,13,17,10,4,10,21,10,4
2300,2332,0.774,0.6,0.3582235407197908,0.5563460063287669,13,17,10,4,11,21,10,4
2300,2333,0.881,0.556,0.3274647837349254,0.5268277930156393,13,17,10,4,12,21,10,4
2300,2334,0.952,0.5,0.3120362096661986,0.500309875463871,13,17,10,4,13,21,10,4
2300,2335,0.988,0.625,0.315578504353213,0.4828758139038726,13,17,10,4,14,21,10,4
2300,2336,0.999,0.75,0.33673467554115677,0.4786696458798857,13,17,10,4,15,21,10,4
2300,2337,1,0.875,0.36937513614443696,0.48439539594078507,13,17,10,4,16,21,10,4
2300,2338,1,1,0.4098947510520453,0.49335641163944555,13,17,10,4,17,21,10,4
2300,2342,0.774,0.667,0.32619114322532994,0.5409200554751277,13,17,10,4,10,22,10,4
2300,2343,0.868,0.637,0.3005625432962772,0.5176140817031029,13,17,10,4,11,22,10,4
2300,2344,0.938,0.6,0.2844498747039481,0.49514976021648305,13,17,10,4,12,22,10,4
2300,2345,0.978,0.556,0.2800789716197608,0.4769264054717429,13,17,10,4,13,22,10,4
2300,2346,0.995,0.667,0.28685462743925005,0.46645787821315454,13,17,10,4,14,22,10,4
2300,2347,1,0.778,0.3014930801992577,0.4648269144852114,13,17,10,4,15,22,10,4
2300,2348,1,0.889,0.32094276627432927,0.46883198459676134,13,17,10,4,16,22,10,4
2300,2349,1,1,0.3462184832035513,0.475364199134963,13,17,10,4,17,22,10,4
2300,2354,0.857,0.693,0.2781785143792077,0.5083044750825284,13,17,10,4,10,23,10,4
2300,2355,0.923,0.667,0.26221048694073823,0.48935295361192865,13,17,10,4,11,23,10,4
2300,2356,0.967,0.636,0.25404841681277546,0.47239561832839916,13,17,10,4,12,23,10,4
2300,2357,0.99,0.6,0.25379377283735405,0.4597854917297931,13,17,10,4,13,23,10,4
2300,2358,0.998,0.7,0.2594710899526531,0.4533702895501155,13,17,10,4,14,23,10,4
2300,2359,1,0.8,0.26846833780027046,0.452954652179424,13,17,10,4,15,23,10,4
2300,2360,1,0.9,0.28042093367180776,0.4560939321278198,13,17,10,4,16,23,10,4
2300,2361,1,1,0.2966525181865364,0.46110614930573446,13,17,10,4,17,23,10,4
2300,2367,0.909,0.714,0.2452705745064705,0.4840182381379844,13,17,10,4,10,24,10,4
2300,2368,0.955,0.692,0.23569429898118577,0.46902510555895094,13,17,10,4,11,24,10,4
2300,2369,0.982,0.667,0.23185624202939792,0.4565235023834008,13,17,10,4,12,24,10,4
2300,2370,0.995,0.637,0.2327534340826305,0.4480661555821772,13,17,10,4,13,24,10,4
2300,2371,0.999,0.727,0.2369371131439133,0.44454321125957397,13,17,10,4,14,24,10,4
2300,2372,1,0.819,0.24363253853824174,0.44536938926322645,13,17,10,4,15,24,10,4
2300,2373,1,0.91,0.25313119935024153,0.44888051792887596,13,17,10,4,16,24,10,4
2300,2374,1,1,0.26707266545837893,0.4542645695006925,13,17,10,4,17,24,10,4
2300,2381,0.943,0.733,0.22527960437220973,0.46791379707106473,13,17,10,4,10,25,10,4
2300,2382,0.973,0.714,0.2201055004400292,0.4565613929207941,13,17,10,4,11,25,10,4
2300,2383,0.99,0.692,0.21866685548327236,0.44786565654547983,13,17,10,4,12,25,10,4
2300,2384,0.997,0.667,0.22031272706262406,0.44284451515187706,13,17,10,4,13,25,10,4
2300,2385,1,0.75,0.22468509671117975,0.4419018587532556,13,17,10,4,14,25,10,4
2300,2386,1,0.834,0.2318538813228247,0.44443683012120905,13,17,10,4,15,25,10,4
2300,2387,1,0.917,0.2426433142484491,0.4493729937689941,13,17,10,4,16,25,10,4
2300,2388,1,1,0.25862253249843026,0.4563656066852454,13,17,10,4,17,25,10,4
2300,2396,0.963,0.75,0.21474759414557099,0.4586677881282184,13,17,10,4,10,26,10,4
2300,2397,0.984,0.733,0.21240981449695684,0.4504796728248629,13,17,10,4,11,26,10,4
2300,2398,0.994,0.715,0.2129940553470241,0.44494304518806616,13,17,10,4,12,26,10,4
2300,2399,0.999,0.693,0.21633435498411735,0.44274388480089355,13,17,10,4,13,26,10,4
2300,2400,1,0.769,0.22259459360471467,0.44405414019297007,13,17,10,4,14,26,10,4
2300,2401,1,0.847,0.23230727092289016,0.4483619006515088,13,17,10,4,15,26,10,4
2300,2402,1,0.924,0.24653235931074613,0.45496402928122237,13,17,10,4,16,26,10,4
2300,2403,1,1,0.26702350879171177,0.46371747307160804,13,17,10,4,17,26,10,4
2300,2412,0.976,0.765,0.210909367333047,0.45452499356955,13,17,10,4,10,27,10,4
2300,2413,0.99,0.75,0.2109512215715068,0.4490051760373124,13,17,10,4,11,27,10,4
2300,2414,0.997,0.734,0.21387500326775888,0.44606512442016355,13,17,10,4,12,27,10,4
2300,2415,0.999,0.715,0.21980033522426612,0.4461808187129034,13,17,10,4,13,27,10,4
2300,2416,1,0.786,0.22899846650619005,0.44939811951222863,13,17,10,4,14,27,10,4
2300,2417,1,0.858,0.24201265459400711,0.45526844825817103,13,17,10,4,15,27,10,4
2300,2418,1,0.929,0.25996591413984393,0.46324591484416966,13,17,10,4,16,27,10,4
2300,2419,1,1,0.28429312366197,0.4731240097485251,13,17,10,4,17,27,10,4
2300,2429,0.984,0.778,0.21241293775186676,0.45394104125945134,13,17,10,4,10,28,10,4
2300,2430,0.994,0.765,0.21472798610910726,0.4506153329941688,13,17,10,4,11,28,10,4
2300,2431,0.998,0.75,0.21979176714316806,0.44974539651396195,13,17,10,4,12,28,10,4
2300,2432,1,0.734,0.22776515222753657,0.4516407950000991,13,17,10,4,13,28,10,4
2300,2433,1,0.8,0.23901169641078668,0.4562266525073633,13,17,10,4,14,28,10,4
2300,2434,1,0.867,0.2541496471475362,0.4630242414048926,13,17,10,4,15,28,10,4
2300,2435,1,0.934,0.2738585974395533,0.4714462073532131,13,17,10,4,16,28,10,4
2300,2436,1,1,0.2989212687681233,0.48103987791729086,13,17,10,4,17,28,10,4
2300,2447,0.99,0.79,0.2159703122420643,0.4553805009908395,13,17,10,4,10,29,10,4
2300,2448,0.996,0.778,0.2202197996259404,0.45375442733471616,13,17,10,4,11,29,10,4
2300,2449,0.999,0.765,0.2271094958307831,0.4543899786296822,13,17,10,4,12,29,10,4
2300,2450,1,0.75,0.23679322384426205,0.457437168525507,13,17,10,4,13,29,10,4
2300,2451,1,0.813,0.2494640115579302,0.4626845742248681,13,17,10,4,14,29,10,4
2300,2452,1,0.875,0.26533262766158927,0.46956959694159306,13,17,10,4,15,29,10,4
2300,2453,1,0.938,0.2848020211122557,0.4774143886227,13,17,10,4,16,29,10,4
2300,2454,1,1,0.3078834741916744,0.48561172614889436,13,17,10,4,17,29,10,4
2300,2466,0.993,0.8,0.22155740002340052,0.45783788266614345,13,17,10,4,10,30,10,4
2300,2467,0.997,0.79,0.22724445234238655,0.45744377870397,13,17,10,4,11,30,10,4
2300,2468,0.999,0.778,0.2352223597037405,0.4590451797814801,13,17,10,4,12,30,10,4
2300,2469,1,0.765,0.24549871484390084,0.4626375712032076,13,17,10,4,13,30,10,4
2300,2470,1,0.824,0.2580703451821056,0.46788004238426617,13,17,10,4,14,30,10,4
2300,2471,1,0.883,0.27310964516090297,0.47414148166951764,13,17,10,4,15,30,10,4
2300,2472,1,0.942,0.29049813152771997,0.48072061040924796,13,17,10,4,16,30,10,4
2300,2473,1,1,0.30971789628285606,0.48703712089515017,13,17,10,4,17,30,10,4
2300,2486,0.995,0.81,0.22760463724986235,0.4605028749131226,13,17,10,4,10,31,10,4
2300,2487,0.998,0.8,0.2338889727677903,0.460883316555898,13,17,10,4,11,31,10,4
2300,2488,1,0.789,0.24199751494163446,0.46293315178590455,13,17,10,4,12,31,10,4
2300,2489,1,0.778,0.25188483447103116,0.46651575114987176,13,17,10,4,13,31,10,4
2300,2490,1,0.834,0.2634967915990253,0.47120428196242525,13,17,10,4,14,31,10,4
2300,2491,1,0.889,0.2766866321378981,0.4763687843021003,13,17,10,4,15,31,10,4
2300,2492,1,0.945,0.2909657773261649,0.4813943281997297,13,17,10,4,16,31,10,4
2300,2493,1,1,0.3057226607446998,0.48586769421850395,13,17,10,4,17,31,10,4
2300,2507,0.997,0.819,0.23323662458647287,0.46285144920562926,13,17,10,4,10,32,10,4
2300,2508,0.999,0.81,0.239614572828991,0.46361151106615583,13,17,10,4,11,32,10,4
2300,2509,1,0.8,0.2473889800953305,0.46569743535066166,13,17,10,4,12,32,10,4
2300,2510,1,0.79,0.25636389363662737,0.4688861304823777,13,17,10,4,13,32,10,4
2300,2511,1,0.842,0.2663078394288796,0.47273254308365376,13,17,10,4,14,32,10,4
2300,2512,1,0.895,0.27691687640558826,0.47668582911647617,13,17,10,4,15,32,10,4
2300,2513,1,0.948,0.28779528500490037,0.48028940040932955,13,17,10,4,16,32,10,4
2300,2514,1,1,0.29854424752855213,0.4833283943255857,13,17,10,4,17,32,10,4
2300,2529,0.998,0.826,0.23908232700060617,0.4647942202307661,13,17,10,4,10,33,10,4
2300,2530,0.999,0.819,0.2451805971177582,0.46566505228809507,13,17,10,4,11,33,10,4
2300,2531,1,0.81,0.25220820028013724,0.46755100435507646,13,17,10,4,12,33,10,4
2300,2532,1,0.8,0.2599717398482807,0.47019538513099957,13,17,10,4,13,33,10,4
2300,2533,1,0.85,0.26822637799916127,0.4731939360105867,13,17,10,4,14,33,10,4
2300,2534,1,0.9,0.2766887186465715,0.47611760509199763,13,17,10,4,15,33,10,4
2300,2535,1,0.95,0.28496913735413687,0.47867469998795686,13,17,10,4,16,33,10,4
2300,2536,1,1,0.29275612811746476,0.48080405350640587,13,17,10,4,17,33,10,4
2300,2552,0.998,0.834,0.24676523543351736,0.46685128134364073,13,17,10,4,10,34,10,4
2300,2553,0.999,0.826,0.2527142313883455,0.4677468852519542,13,17,10,4,11,34,10,4
2300,2554,1,0.818,0.2592151940802696,0.4694198326466571,13,17,10,4,12,34,10,4
2300,2555,1,0.81,0.26602886274385684,0.47162328463063086,13,17,10,4,13,34,10,4
2300,2556,1,0.857,0.2728958093616236,0.47402691133291874,13,17,10,4,14,34,10,4
2300,2557,1,0.905,0.2795592639925826,0.4763273313905355,13,17,10,4,15,34,10,4
2300,2558,1,0.953,0.2857845246091031,0.4783662678623478,13,17,10,4,16,34,10,4
2300,2559,1,1,0.2915434192329537,0.4801774295694813,13,17,10,4,17,34,10,4
2300,2576,0.999,0.84,0.2581480665962481,0.46972251160856704,13,17,10,4,10,35,10,4
2300,2577,1,0.834,0.26413698077865244,0.47068751388669317,13,17,10,4,11,35,10,4
2300,2578,1,0.826,0.27035405722277384,0.47226961095122,13,17,10,4,12,35,10,4
2300,2579,1,0.818,0.2765459563067806,0.4742543601589614,13,17,10,4,13,35,10,4
2300,2580,1,0.864,0.2825628594127366,0.47638895272237014,13,17,10,4,14,35,10,4
2300,2581,1,0.909,0.2882487082249081,0.4784712209306434,13,17,10,4,15,35,10,4
2300,2582,1,0.955,0.2936214045694333,0.48042918140169444,13,17,10,4,16,35,10,4
2300,2583,1,1,0.29868547774724463,0.4823368169115928,13,17,10,4,17,35,10,4
2300,2604,1,1,0.47428206523602945,0.5812150129425753,13,17,10,4,10,13,1,7
2300,2605,1,1,0.47450908955261983,0.5817006048470644,13,17,10,4,11,13,1,7
2300,2606,1,1,0.47675340365019236,0.5926898006357044,13,17,10,4,12,13,1,7
2300,2607,1,0.858,0.4707488738322274,0.5671040110523395,13,17,10,4,10,14,1,7
2300,2608,1,0.834,0.4699067956879338,0.5636054406857929,13,17,10,4,11,14,1,7
2300,2609,1,0.8,0.47129516023855167,0.5691144505798988,13,17,10,4,12,14,1,7
2300,2610,1,0.75,0.4758941270607099,0.5888555546668403,13,17,10,4,13,14,1,7
2300,2611,1,0.715,0.4666658344831115,0.5530647236883451,13,17,10,4,10,15,1,7
2300,2612,1,0.667,0.46496304184562653,0.5473146553995375,13,17,10,4,11,15,1,7
2300,2613,0.999,0.6,0.46581533408496145,0.5504010525690497,13,17,10,4,12,15,1,7
2300,2614,0.997,0.5,0.47088376278660304,0.5671906973795768,13,17,10,4,13,15,1,7
2300,2615,0.977,0.751,0.4788020306289331,0.5929267121700914,13,17,10,4,14,15,1,7
2300,2616,0.999,0.572,0.46273712704926007,0.5408071696819592,13,17,10,4,10,16,1,7
2300,2617,0.998,0.5,0.4610294100604535,0.5349898934949531,13,17,10,4,11,16,1,7
2300,2618,0.993,0.4,0.46318585629195197,0.5392129823327694,13,17,10,4,12,16,1,7
2300,2619,0.979,0.25,0.47294699229898995,0.5588368667014527,13,17,10,4,13,16,1,7
2300,2620,0.913,0.501,0.4975056787230515,0.5966948690218552,13,17,10,4,14,16,1,7
2300,2621,0.616,0.751,0.5577307723579803,0.6650638896256966,13,17,10,4,15,16,1,7
2300,2622,0.995,0.429,0.4607220626363213,0.5339579299327661,13,17,10,4,10,17,1,7
2300,2623,0.989,0.333,0.46106780061374386,0.5312077050737611,13,17,10,4,11,17,1,7
2300,2624,0.975,0.2,0.46860372983386733,0.5415307991224121,13,17,10,4,12,17,1,7
2300,2625,0.936,0,0.49147405332019534,0.5730036816708386,13,17,10,4,13,17,1,7
2300,2626,0.811,0.25,0.5458096574424505,0.6384585278300123,13,17,10,4,14,17,1,7
2300,2627,0.448,0.5,0.6804527092679233,0.7659616051847896,13,17,10,4,15,17,1,7
2300,2628,0.42,0.75,0.6225970788813867,0.6914281780320456,13,17,10,4,16,17,1,7
2300,2629,0.985,0.5,0.4630853684539772,0.5353464847865304,13,17,10,4,10,18,1,7
2300,2630,0.971,0.429,0.46834121444938703,0.5384724089118534,13,17,10,4,11,18,1,7
2300,2631,0.941,0.334,0.48601430547215063,0.558546051193392,13,17,10,4,12,18,1,7
2300,2632,0.868,0.2,0.5281076568049428,0.6060931234057586,13,17,10,4,13,18,1,7
2300,2633,0.685,0.4,0.6186971313737268,0.6998617935294866,13,17,10,4,14,18,1,7
2300,2634,0.285,0.6,0.8128325116805062,0.8621535548302932,13,17,10,4,15,18,1,7
2300,2635,0.594,0.8,0.6229753831164623,0.6766081880450929,13,17,10,4,16,18,1,7
2300,2636,1,1,0.46876336979404865,0.5658215160426723,13,17,10,4,17,18,1,7
2300,2637,0.967,0.556,0.4717089970257011,0.5437475083623236,13,17,10,4,10,19,1,7
2300,2638,0.94,0.5,0.48454088420960806,0.5534365062969869,13,17,10,4,11,19,1,7
2300,2639,0.888,0.429,0.5151753408824614,0.5828544696413833,13,17,10,4,12,19,1,7
2300,2640,0.78,0.333,0.5782623461606289,0.6426468573838571,13,17,10,4,13,19,1,7
2300,2641,0.553,0.5,0.688047285218087,0.7506817700042809,13,17,10,4,14,19,1,7
2300,2642,0.183,0.667,0.8971174482069673,0.8811436030614332,13,17,10,4,15,19,1,7
2300,2643,0.706,0.834,0.6021300863567834,0.6366277082336467,13,17,10,4,16,19,1,7
2300,2644,1,1,0.456686050339573,0.5351213824013268,13,17,10,4,17,19,1,7
2300,2646,0.939,0.6,0.48686796511975927,0.5558853038092677,13,17,10,4,10,20,1,7
2300,2647,0.898,0.556,0.48399592963325344,0.5710976767723125,13,17,10,4,11,20,1,7
2300,2648,0.823,0.5,0.5160846872436671,0.607040342477927,13,17,10,4,12,20,1,7
2300,2649,0.686,0.429,0.588316016146476,0.6724391282164908,13,17,10,4,13,20,1,7
2300,2650,0.444,0.572,0.705970717060594,0.7785729141319411,13,17,10,4,14,20,1,7
2300,2651,0.18,0.715,0.8659461623741604,0.8414481266847461,13,17,10,4,15,20,1,7
2300,2652,0.764,0.858,0.557813418832515,0.6027792725837666,13,17,10,4,16,20,1,7
2300,2653,1,1,0.44633404028050916,0.5140722041337901,13,17,10,4,17,20,1,7
2300,2656,0.903,0.637,0.47585145376447013,0.5689588086443662,13,17,10,4,10,21,1,7
2300,2657,0.846,0.6,0.48126107465209167,0.5880301199789415,13,17,10,4,11,21,1,7
2300,2658,0.752,0.556,0.5214714272181317,0.6272710224312015,13,17,10,4,12,21,1,7
2300,2659,0.599,0.5,0.5978747528705801,0.6923372225825835,13,17,10,4,13,21,1,7
2300,2660,0.372,0.625,0.7085406213574412,0.7847843511286836,13,17,10,4,14,21,1,7
2300,2661,0.222,0.75,0.7982466513679826,0.7946745511481136,13,17,10,4,15,21,1,7
2300,2662,0.8,0.875,0.496484929279129,0.5765018080097158,13,17,10,4,16,21,1,7
2300,2663,1,1,0.40514408250793355,0.498981990968412,13,17,10,4,17,21,1,7
2300,2667,0.861,0.667,0.47014366198518187,0.581207524129191,13,17,10,4,10,22,1,7
2300,2668,0.791,0.637,0.4828624567613854,0.602474886818779,13,17,10,4,11,22,1,7
2300,2669,0.684,0.6,0.5276571792717981,0.642263770279083,13,17,10,4,12,22,1,7
2300,2670,0.529,0.556,0.6020856462568319,0.702819194921984,13,17,10,4,13,22,1,7
2300,2671,0.334,0.667,0.6977183452437077,0.7764787224068923,13,17,10,4,14,22,1,7
2300,2672,0.269,0.778,0.7230360960985891,0.7537372306639516,13,17,10,4,15,22,1,7
2300,2673,0.824,0.889,0.449111553006863,0.5560399049247214,13,17,10,4,16,22,1,7
2300,2674,1,1,0.3635070364971794,0.48764004093077595,13,17,10,4,17,22,1,7
2300,2679,0.816,0.693,0.46791841700526193,0.591705526113706,13,17,10,4,10,23,1,7
2300,2680,0.736,0.667,0.48568611106532433,0.6137681767037212,13,17,10,4,11,23,1,7
2300,2681,0.623,0.636,0.531539854538495,0.6520862403798585,13,17,10,4,12,23,1,7
2300,2682,0.475,0.6,0.5999807786905669,0.7057731195579385,13,17,10,4,13,23,1,7
2300,2683,0.318,0.7,0.6782601161899484,0.7608000355782422,13,17,10,4,14,23,1,7
2300,2684,0.308,0.8,0.6588816304374785,0.71946117365648,13,17,10,4,15,23,1,7
2300,2685,0.843,0.9,0.41185024390840563,0.5397214955818426,13,17,10,4,16,23,1,7
2300,2686,1,1,0.33298759040498926,0.4785468612957612,13,17,10,4,17,23,1,7
2300,2692,0.771,0.714,0.4671239782324611,0.600079390310515,13,17,10,4,10,24,1,7
2300,2693,0.685,0.692,0.4877787518047151,0.6218715526539353,13,17,10,4,11,24,1,7
2300,2694,0.572,0.667,0.5321435089908113,0.6574167390138882,13,17,10,4,12,24,1,7
2300,2695,0.438,0.637,0.5926668504544953,0.7033383033712188,13,17,10,4,13,24,1,7
2300,2696,0.317,0.727,0.6539156796661325,0.7423333392097793,13,17,10,4,14,24,1,7
2300,2697,0.35,0.819,0.6044117181916961,0.69074068118895,13,17,10,4,15,24,1,7
2300,2698,0.857,0.91,0.3817993621886895,0.52634264481012,13,17,10,4,16,24,1,7
2300,2699,1,1,0.3094581418750625,0.4709220641192807,13,17,10,4,17,24,1,7
2300,2706,0.727,0.733,0.46645739401053876,0.6062915721865229,13,17,10,4,10,25,1,7
2300,2707,0.639,0.714,0.4882207303254693,0.6270703535092883,13,17,10,4,11,25,1,7
2300,2708,0.53,0.692,0.5295335925253095,0.6591337462776363,13,17,10,4,12,25,1,7
2300,2709,0.413,0.667,0.5815747547152005,0.697360741819709,13,17,10,4,13,25,1,7
2300,2710,0.323,0.75,0.6273624933730915,0.7234444064354394,13,17,10,4,14,25,1,7
2300,2711,0.391,0.834,0.5577663268543944,0.6664106195414405,13,17,10,4,15,25,1,7
2300,2712,0.868,0.917,0.35711943161325455,0.5151186473365214,13,17,10,4,16,25,1,7
2300,2713,1,1,0.29057719401860826,0.4643760101053781,13,17,10,4,17,25,1,7
2300,2721,0.686,0.75,0.4651854682279911,0.6104947896277501,13,17,10,4,10,26,1,7
2300,2722,0.598,0.733,0.48681574767543256,0.6297922728366683,13,17,10,4,11,26,1,7
2300,2723,0.497,0.715,0.5242142374856467,0.6581043132850066,13,17,10,4,12,26,1,7
2300,2724,0.397,0.693,0.5678849675394262,0.6892405289870279,13,17,10,4,13,26,1,7
2300,2725,0.333,0.769,0.6003459291266402,0.7052334310052392,13,17,10,4,14,26,1,7
2300,2726,0.427,0.847,0.5175928177066178,0.6455681728357515,13,17,10,4,15,26,1,7
2300,2727,0.878,0.924,0.33604653429890285,0.5055611927254225,13,17,10,4,16,26,1,7
2300,2728,1,1,0.2749317719318596,0.4587275647112945,13,17,10,4,17,26,1,7
2300,2737,0.649,0.765,0.4630263644067628,0.6129401519537128,13,17,10,4,10,27,1,7
2300,2738,0.564,0.75,0.48367718798679193,0.6305053223175805,13,17,10,4,11,27,1,7
2300,2739,0.472,0.734,0.516780327132845,0.6550940864372186,13,17,10,4,12,27,1,7
2300,2740,0.389,0.715,0.552668274134515,0.6799749205244745,13,17,10,4,13,27,1,7
2300,2741,0.344,0.786,0.5738285431480026,0.6881848862840241,13,17,10,4,14,27,1,7
2300,2742,0.457,0.858,0.4828737133647768,0.6275691096247858,13,17,10,4,15,27,1,7
2300,2743,0.886,0.929,0.3174868053377581,0.4973696867576515,13,17,10,4,16,27,1,7
2300,2744,1,1,0.26160811222528624,0.45389193065029554,13,17,10,4,17,27,1,7
2300,2754,0.616,0.778,0.4599179839201687,0.613918401897319,13,17,10,4,10,28,1,7
2300,2755,0.535,0.765,0.4790121967731297,0.6296603873128188,13,17,10,4,11,28,1,7
2300,2756,0.453,0.75,0.507826281193025,0.6507367002283089,13,17,10,4,12,28,1,7
2300,2757,0.385,0.734,0.5367816712961024,0.6702476501770662,13,17,10,4,13,28,1,7
2300,2758,0.354,0.8,0.5483997797291111,0.6724878521839008,13,17,10,4,14,28,1,7
2300,2759,0.484,0.867,0.4528431765783798,0.6119464512734685,13,17,10,4,15,28,1,7
2300,2760,0.892,0.934,0.3015745168183921,0.490336944424938,13,17,10,4,16,28,1,7
2300,2761,1,1,0.2502190156579279,0.44979583436289416,13,17,10,4,17,28,1,7
2300,2772,0.587,0.79,0.4559095785462689,0.6137210526579447,13,17,10,4,10,29,1,7
2300,2773,0.511,0.778,0.4731658163757253,0.6276589101256032,13,17,10,4,11,29,1,7
2300,2774,0.439,0.765,0.49796495143919295,0.6455304320705139,13,17,10,4,12,29,1,7
2300,2775,0.385,0.75,0.5207940268368603,0.6605095599412313,13,17,10,4,13,29,1,7
2300,2776,0.364,0.813,0.5244282446126847,0.658179966075461,13,17,10,4,14,29,1,7
2300,2777,0.509,0.875,0.4268541317038206,0.5983402723850193,13,17,10,4,15,29,1,7
2300,2778,0.898,0.938,0.28804936894406286,0.4842984797492439,13,17,10,4,16,29,1,7
2300,2779,1,1,0.24064538910216104,0.4463582004500338,13,17,10,4,17,29,1,7
2300,2791,0.561,0.8,0.4511471529593871,0.6126162717274544,13,17,10,4,10,30,1,7
2300,2792,0.492,0.79,0.46651947296979945,0.6248381655690629,13,17,10,4,11,30,1,7
2300,2793,0.429,0.778,0.4876287661907748,0.6398503146011327,13,17,10,4,12,30,1,7
2300,2794,0.387,0.765,0.5050974015655744,0.6510443073224321,13,17,10,4,13,30,1,7
2300,2795,0.372,0.824,0.5021097431505701,0.6452189689064038,13,17,10,4,14,30,1,7
2300,2796,0.53,0.883,0.40435540766539135,0.5864596402955875,13,17,10,4,15,30,1,7
2300,2797,0.903,0.942,0.2764734682943907,0.4791163864454898,13,17,10,4,16,30,1,7
2300,2798,1,1,0.2327625145862805,0.4434980662742586,13,17,10,4,17,30,1,7
2300,2811,0.54,0.81,0.4458391881912185,0.6108367036225038,13,17,10,4,10,31,1,7
2300,2812,0.477,0.8,0.45938073820018976,0.6214694035696834,13,17,10,4,11,31,1,7
2300,2813,0.423,0.789,0.4771549545544014,0.6339684745080455,13,17,10,4,12,31,1,7
2300,2814,0.39,0.778,0.48997058148178885,0.6420200293003774,13,17,10,4,13,31,1,7
2300,2815,0.38,0.834,0.48154161620746305,0.6335225209871802,13,17,10,4,14,31,1,7
2300,2816,0.55,0.889,0.3847421908094302,0.5760631695027012,13,17,10,4,15,31,1,7
2300,2817,0.908,0.945,0.2666204477525699,0.47467331329850926,13,17,10,4,16,31,1,7
2300,2818,1,1,0.22637356841901846,0.4411395907704029,13,17,10,4,17,31,1,7
2300,2832,0.521,0.819,0.4401794038857959,0.6085759667041941,13,17,10,4,10,32,1,7
2300,2833,0.465,0.81,0.4520095524450536,0.6177637074716361,13,17,10,4,11,32,1,7
2300,2834,0.419,0.8,0.46677323501477763,0.6280761699644319,13,17,10,4,12,32,1,7
2300,2835,0.394,0.79,0.47557065662997333,0.6335273707022093,13,17,10,4,13,32,1,7
2300,2836,0.388,0.842,0.46263265041492685,0.6229904538639128,13,17,10,4,14,32,1,7
2300,2837,0.568,0.895,0.36764126367190786,0.566947187417556,13,17,10,4,15,32,1,7
2300,2838,0.912,0.948,0.25833443836087155,0.47086830860814977,13,17,10,4,16,32,1,7
2300,2839,1,1,0.2211851002450339,0.4392135021329726,13,17,10,4,17,32,1,7
2300,2854,0.506,0.826,0.4343488545202904,0.6059902799731564,13,17,10,4,10,33,1,7
2300,2855,0.456,0.819,0.4445801537630528,0.6138809691646305,13,17,10,4,11,33,1,7
2300,2856,0.417,0.81,0.4566259576352081,0.6223033208571627,13,17,10,4,12,33,1,7
2300,2857,0.398,0.8,0.4619176311119281,0.6256057751216078,13,17,10,4,13,33,1,7
2300,2858,0.396,0.85,0.4453479359396306,0.613516774931576,13,17,10,4,14,33,1,7
2300,2859,0.584,0.9,0.3528014991029058,0.5589376133283566,13,17,10,4,15,33,1,7
2300,2860,0.916,0.95,0.25137102795364996,0.4676135478342246,13,17,10,4,16,33,1,7
2300,2861,1,1,0.21703446545598515,0.43765713474071033,13,17,10,4,17,33,1,7
2300,2877,0.493,0.834,0.4284586544013944,0.6032025361546973,13,17,10,4,10,34,1,7
2300,2878,0.449,0.826,0.4371807490269831,0.6099392466407201,13,17,10,4,11,34,1,7
2300,2879,0.417,0.818,0.4467792804409554,0.6167342692736562,13,17,10,4,12,34,1,7
2300,2880,0.403,0.81,0.4490906428933341,0.618261265886861,13,17,10,4,13,34,1,7
2300,2881,0.403,0.857,0.42965834852515006,0.6049962405856271,13,17,10,4,14,34,1,7
2300,2882,0.599,0.905,0.3399102629641453,0.5518844242119322,13,17,10,4,15,34,1,7
2300,2883,0.919,0.953,0.2454991297902922,0.4648322189690519,13,17,10,4,16,34,1,7
2300,2884,1,1,0.21376231867962936,0.4364146070970021,13,17,10,4,17,34,1,7
2300,2901,0.482,0.84,0.4225647067226085,0.600307253122935,13,17,10,4,10,35,1,7
2300,2902,0.443,0.834,0.42990492354737797,0.6060233620514237,13,17,10,4,11,35,1,7
2300,2903,0.417,0.826,0.4373406604347341,0.6114201157117987,13,17,10,4,12,35,1,7
2300,2904,0.407,0.818,0.4371600421864311,0.6114787026133709,13,17,10,4,13,35,1,7
2300,2905,0.41,0.864,0.41545928426312173,0.5973283632308715,13,17,10,4,14,35,1,7
2300,2906,0.613,0.909,0.32870286290141126,0.5456582321169153,13,17,10,4,15,35,1,7
2300,2907,0.922,0.955,0.2406110147090138,0.46245770250707186,13,17,10,4,16,35,1,7
2300,2908,1,1,0.21124523547609741,0.4354376149782996,13,17,10,4,17,35,1,7
2300,2929,1,1,0.4700598105219105,0.5642276938858132,13,17,10,4,10,13,4,7
2300,2930,1,1,0.4713720874983639,0.5689188243060614,13,17,10,4,11,13,4,7
2300,2931,1,1,0.4753103674410626,0.5855469847887198,13,17,10,4,12,13,4,7
2300,2932,1,0.858,0.46345165420450707,0.5426554626569257,13,17,10,4,10,14,4,7
2300,2933,1,0.834,0.46436134074447444,0.545595777883857,13,17,10,4,11,14,4,7
2300,2934,1,0.8,0.46804873258711943,0.5579089390607659,13,17,10,4,12,14,4,7
2300,2935,1,0.75,0.47475007724450646,0.5839340821278731,13,17,10,4,13,14,4,7
2300,2936,0.999,0.715,0.45668408266909477,0.5238848299224965,13,17,10,4,10,15,4,7
2300,2937,0.999,0.667,0.45790155816830747,0.5272809739886244,13,17,10,4,11,15,4,7
2300,2938,0.997,0.6,0.4623947259417871,0.5397442125539518,13,17,10,4,12,15,4,7
2300,2939,0.991,0.5,0.469627300920925,0.5603676311656203,13,17,10,4,13,15,4,7
2300,2940,0.96,0.751,0.48043503349231553,0.5914868371194266,13,17,10,4,14,15,4,7
2300,2941,0.992,0.572,0.45410512764900723,0.5138266577605086,13,17,10,4,10,16,4,7
2300,2942,0.985,0.5,0.459146044278663,0.5216505549699937,13,17,10,4,11,16,4,7
2300,2943,0.968,0.4,0.47096660047659145,0.5402100368813174,13,17,10,4,12,16,4,7
2300,2944,0.926,0.25,0.49327385219669406,0.5720870709871423,13,17,10,4,13,16,4,7
2300,2945,0.798,0.501,0.5386537783617059,0.6305110338547012,13,17,10,4,14,16,4,7
2300,2946,0.48,0.751,0.6068170073554344,0.6939968578749238,13,17,10,4,15,16,4,7
2300,2947,0.962,0.429,0.4634491274794309,0.5244325699661916,13,17,10,4,10,17,4,7
2300,2948,0.934,0.333,0.48451470037323585,0.5442955885915,13,17,10,4,11,17,4,7
2300,2949,0.879,0.2,0.5174071460399898,0.5811986558859378,13,17,10,4,12,17,4,7
2300,2950,0.767,0,0.5765117539899468,0.6445341892628795,13,17,10,4,13,17,4,7
2300,2951,0.522,0.25,0.6934736310512858,0.7613303876472122,13,17,10,4,14,17,4,7
2300,2952,0.212,0.5,0.8271280478889141,0.8532296251676528,13,17,10,4,15,17,4,7
2300,2953,0.608,0.75,0.5810575495384777,0.6691846064968363,13,17,10,4,16,17,4,7
2300,2954,0.893,0.5,0.4554490792087219,0.559489401497488,13,17,10,4,10,18,4,7
2300,2955,0.829,0.429,0.49410661115095056,0.5955527967728655,13,17,10,4,11,18,4,7
2300,2956,0.719,0.334,0.5610626556909504,0.654192743678641,13,17,10,4,12,18,4,7
2300,2957,0.53,0.2,0.6705686849918533,0.7476760159543143,13,17,10,4,13,18,4,7
2300,2958,0.216,0.4,0.8624472930103082,0.9000266911767347,13,17,10,4,14,18,4,7
2300,2959,0.319,0.6,0.822124886594789,0.8177530298445453,13,17,10,4,15,18,4,7
2300,2960,0.859,0.8,0.5216238003360198,0.5908589448704102,13,17,10,4,16,18,4,7
2300,2961,1,1,0.46596507662247755,0.558416818857706,13,17,10,4,17,18,4,7
2300,2962,0.78,0.556,0.47740900526994456,0.6038107674804242,13,17,10,4,10,19,4,7
2300,2963,0.675,0.5,0.5346909190292186,0.6503339791565512,13,17,10,4,11,19,4,7
2300,2964,0.523,0.429,0.6212429024723282,0.7172381154018979,13,17,10,4,12,19,4,7
2300,2965,0.322,0.333,0.739245397370357,0.8058518567774084,13,17,10,4,13,19,4,7
2300,2966,0.162,0.5,0.8492405648622893,0.8560758844144387,13,17,10,4,14,19,4,7
2300,2967,0.552,0.667,0.6454764446979949,0.7022814296989046,13,17,10,4,15,19,4,7
2300,2968,0.933,0.834,0.47144844673806086,0.5387329112705423,13,17,10,4,16,19,4,7
2300,2969,1,1,0.45135578832576484,0.5239263891604615,13,17,10,4,17,19,4,7
2300,2971,0.645,0.6,0.5128568030772636,0.6417159890008628,13,17,10,4,10,20,4,7
2300,2972,0.523,0.556,0.5770973610809578,0.6886732802164436,13,17,10,4,11,20,4,7
2300,2973,0.382,0.5,0.6570100629468053,0.7456292923990773,13,17,10,4,12,20,4,7
2300,2974,0.266,0.429,0.7342424279759432,0.7939984492471197,13,17,10,4,13,20,4,7
2300,2975,0.252,0.572,0.7127956431387281,0.7636313298742787,13,17,10,4,14,20,4,7
2300,2976,0.693,0.715,0.5135605217115018,0.6250820360915703,13,17,10,4,15,20,4,7
2300,2977,0.963,0.858,0.3922699478854734,0.5090572538338611,13,17,10,4,16,20,4,7
2300,2978,1,1,0.42306472857122457,0.5026307013750999,13,17,10,4,17,20,4,7
2300,2981,0.527,0.637,0.540651415315051,0.6659370483676059,13,17,10,4,10,21,4,7
2300,2982,0.42,0.6,0.5967823299946337,0.7048448557252363,13,17,10,4,11,21,4,7
2300,2983,0.33,0.556,0.6519929746498461,0.7410379920302264,13,17,10,4,12,21,4,7
2300,2984,0.289,0.5,0.6783726472855468,0.749895077562146,13,17,10,4,13,21,4,7
2300,2985,0.402,0.625,0.5876958417791178,0.6918764852593954,13,17,10,4,14,21,4,7
2300,2986,0.783,0.75,0.4253478273947756,0.5749557043518603,13,17,10,4,15,21,4,7
2300,2987,0.978,0.875,0.3445211025638474,0.490781278114505,13,17,10,4,16,21,4,7
2300,2988,1,1,0.37440662453712603,0.4892387546107262,13,17,10,4,17,21,4,7
2300,2992,0.446,0.667,0.5514892463386109,0.6758292986203482,13,17,10,4,10,22,4,7
2300,2993,0.373,0.637,0.5919835947764521,0.7026506578103122,13,17,10,4,11,22,4,7
2300,2994,0.332,0.6,0.6197245834795562,0.7182526088830048,13,17,10,4,12,22,4,7
2300,2995,0.321,0.556,0.6060753725793412,0.7032531298699569,13,17,10,4,13,22,4,7
2300,2996,0.525,0.667,0.4944367190078732,0.6388832393359956,13,17,10,4,14,22,4,7
2300,2997,0.843,0.778,0.3664171097089619,0.541159085139647,13,17,10,4,15,22,4,7
2300,2998,0.986,0.889,0.31276954524441014,0.4780889789757665,13,17,10,4,16,22,4,7
2300,2999,1,1,0.3369725548020973,0.4776769185339781,13,17,10,4,17,22,4,7
2300,3004,0.403,0.693,0.5466523364210512,0.6743444544599342,13,17,10,4,10,23,4,7
2300,3005,0.363,0.667,0.5705717467549986,0.689194296630113,13,17,10,4,11,23,4,7
2300,3006,0.346,0.636,0.5751048166267994,0.6894478633358603,13,17,10,4,12,23,4,7
2300,3007,0.371,0.6,0.5344810947397247,0.6621904937622236,13,17,10,4,13,23,4,7
2300,3008,0.62,0.7,0.42438067674005975,0.5989603676613008,13,17,10,4,14,23,4,7
2300,3009,0.884,0.8,0.32484073076646747,0.5167995526718787,13,17,10,4,15,23,4,7
2300,3010,0.991,0.9,0.2881802459774607,0.46784718196977315,13,17,10,4,16,23,4,7
2300,3011,1,1,0.3050493290864916,0.4668855963500522,13,17,10,4,17,23,4,7
2300,3017,0.388,0.714,0.5309015531178023,0.6653638861900095,13,17,10,4,10,24,4,7
2300,3018,0.37,0.692,0.5400409133384547,0.6703696570921266,13,17,10,4,11,24,4,7
2300,3019,0.365,0.667,0.5266304780741912,0.6604766713038327,13,17,10,4,12,24,4,7
2300,3020,0.434,0.637,0.4706679850464677,0.6274344219343868,13,17,10,4,13,24,4,7
2300,3021,0.693,0.727,0.37076860789716404,0.5679094172080966,13,17,10,4,14,24,4,7
2300,3022,0.912,0.819,0.29291051505977816,0.4981819793744664,13,17,10,4,15,24,4,7
2300,3023,0.993,0.91,0.2674652199297505,0.45902697482457266,13,17,10,4,16,24,4,7
2300,3024,1,1,0.27777597852529445,0.4572883087047356,13,17,10,4,17,24,4,7
2300,3031,0.388,0.733,0.5084245937884817,0.6521558102818039,13,17,10,4,10,25,4,7
2300,3032,0.379,0.714,0.5053952913464324,0.6497748235411569,13,17,10,4,11,25,4,7
2300,3033,0.391,0.692,0.4792276911511084,0.6335200866833848,13,17,10,4,12,25,4,7
2300,3034,0.499,0.667,0.41658725342980074,0.5981631273526582,13,17,10,4,13,25,4,7
2300,3035,0.751,0.75,0.32937769754095814,0.5431245140141294,13,17,10,4,14,25,4,7
2300,3036,0.932,0.834,0.2680633569224189,0.48344185254269045,13,17,10,4,15,25,4,7
2300,3037,0.995,0.917,0.24964907972234207,0.4514424493023711,13,17,10,4,16,25,4,7
2300,3038,1,1,0.2554949003395689,0.4492958096386309,13,17,10,4,17,25,4,7
2300,3046,0.394,0.75,0.4824420337514834,0.6370174297213211,13,17,10,4,10,26,4,7
2300,3047,0.391,0.733,0.4699707988109124,0.6293632513584632,13,17,10,4,11,26,4,7
2300,3048,0.426,0.715,0.435448986238296,0.6092958524255092,13,17,10,4,12,26,4,7
2300,3049,0.562,0.693,0.3720027485264056,0.5735553249897125,13,17,10,4,13,26,4,7
2300,3050,0.796,0.769,0.2974723576949252,0.5231478628953962,13,17,10,4,14,26,4,7
2300,3051,0.947,0.847,0.24902080735432763,0.471762443423264,13,17,10,4,15,26,4,7
2300,3052,0.997,0.924,0.23524861562873012,0.4453276931509762,13,17,10,4,16,26,4,7
2300,3053,1,1,0.2381010073684593,0.4433473584590376,13,17,10,4,17,26,4,7
2300,3062,0.401,0.765,0.4552846421809915,0.621451409163283,13,17,10,4,10,27,4,7
2300,3063,0.408,0.75,0.4359560019045292,0.6101762015109384,13,17,10,4,11,27,4,7
2300,3064,0.465,0.734,0.39677059053860597,0.5880074659799903,13,17,10,4,12,27,4,7
2300,3065,0.618,0.715,0.3360056689306924,0.5530085664752422,13,17,10,4,13,27,4,7
2300,3066,0.831,0.786,0.2729821011919852,0.5071218190459065,13,17,10,4,14,27,4,7
2300,3067,0.958,0.858,0.23452243965706243,0.46270333160625743,13,17,10,4,15,27,4,7
2300,3068,0.997,0.929,0.2240812367356565,0.44078489854759073,13,17,10,4,16,27,4,7
2300,3069,1,1,0.22553231567642518,0.4394023655755209,13,17,10,4,17,27,4,7
2300,3079,0.409,0.778,0.428686330904976,0.6063800159859198,13,17,10,4,10,28,4,7
2300,3080,0.43,0.765,0.4046500541138326,0.5927253581567271,13,17,10,4,11,28,4,7
2300,3081,0.507,0.75,0.3635237133460032,0.5696085288039257,13,17,10,4,12,28,4,7
2300,3082,0.668,0.734,0.3072288053118598,0.5360042074506844,13,17,10,4,13,28,4,7
2300,3083,0.859,0.8,0.25417686704616316,0.49439021366920355,13,17,10,4,14,28,4,7
2300,3084,0.967,0.867,0.2237781061073949,0.45586325678032025,13,17,10,4,15,28,4,7
2300,3085,0.998,0.934,0.21602790900046875,0.43769066267561174,13,17,10,4,16,28,4,7
2300,3086,1,1,0.21711097136802915,0.43714626569383985,13,17,10,4,17,28,4,7
2300,3097,0.421,0.79,0.4036114378829768,0.5923234710202572,13,17,10,4,10,29,4,7
2300,3098,0.456,0.778,0.37654656880021653,0.577205173864492,13,17,10,4,11,29,4,7
2300,3099,0.549,0.765,0.335441429052314,0.5539149454855196,13,17,10,4,12,29,4,7
2300,3100,0.712,0.75,0.2845300698778819,0.5220606682548308,13,17,10,4,13,29,4,7
2300,3101,0.882,0.813,0.2402024610479886,0.4843967001745132,13,17,10,4,14,29,4,7
2300,3102,0.973,0.875,0.216175642590284,0.4508700629711654,13,17,10,4,15,29,4,7
2300,3103,0.998,0.938,0.21053464789519294,0.4358448062199658,13,17,10,4,16,29,4,7
2300,3104,1,1,0.2119990624988145,0.4362400278404194,13,17,10,4,17,29,4,7
2300,3116,0.436,0.8,0.38044147004203777,0.5795406879417666,13,17,10,4,10,30,4,7
2300,3117,0.485,0.79,0.35192412826054176,0.5636244968711878,13,17,10,4,11,30,4,7
2300,3118,0.589,0.778,0.3123829831372368,0.5406709365396962,13,17,10,4,12,30,4,7
2300,3119,0.749,0.765,0.2670003744468272,0.5107265777535773,13,17,10,4,13,30,4,7
2300,3120,0.901,0.824,0.22997447710990904,0.47665617537857696,13,17,10,4,14,30,4,7
2300,3121,0.978,0.883,0.2111341134259651,0.4473850372533593,13,17,10,4,15,30,4,7
2300,3122,0.999,0.942,0.20726332566607264,0.43502368453305984,13,17,10,4,16,30,4,7
2300,3123,1,1,0.2093731916050714,0.43636004386972105,13,17,10,4,17,30,4,7
2300,3136,0.455,0.81,0.35975216027568024,0.5681207963909456,13,17,10,4,10,31,4,7
2300,3137,0.515,0.8,0.33095354707420166,0.5518805680666687,13,17,10,4,11,31,4,7
2300,3138,0.627,0.789,0.29369823053373134,0.5295845847900944,13,17,10,4,12,31,4,7
2300,3139,0.781,0.778,0.2536305519070715,0.5015807253853779,13,17,10,4,13,31,4,7
2300,3140,0.916,0.834,0.22286265601788235,0.4707414316445635,13,17,10,4,14,31,4,7
2300,3141,0.982,0.889,0.20823434547255804,0.4450999822053635,13,17,10,4,15,31,4,7
2300,3142,0.999,0.945,0.20562686232937255,0.4349984977759267,13,17,10,4,16,31,4,7
2300,3143,1,1,0.20854547959442282,0.4372091432015409,13,17,10,4,17,31,4,7
2300,3157,0.476,0.819,0.3416352152950516,0.5580429887087839,13,17,10,4,10,32,4,7
2300,3158,0.546,0.81,0.31334326049722216,0.541806348565393,13,17,10,4,11,32,4,7
2300,3159,0.662,0.8,0.2787904197186718,0.5203545068147812,13,17,10,4,12,32,4,7
2300,3160,0.808,0.79,0.24373253351810098,0.49424030671802355,13,17,10,4,13,32,4,7
2300,3161,0.928,0.842,0.2182309898009891,0.4662839858813006,13,17,10,4,14,32,4,7
2300,3162,0.985,0.895,0.20666670428149325,0.4437474204458802,13,17,10,4,15,32,4,7
2300,3163,0.999,0.948,0.20511346179731071,0.4355647434184773,13,17,10,4,16,32,4,7
2300,3164,1,1,0.2086516797911927,0.43854602303812584,13,17,10,4,17,32,4,7
2300,3179,0.498,0.826,0.3259848862123811,0.5492196153973777,13,17,10,4,10,33,4,7
2300,3180,0.577,0.819,0.2987926805526291,0.5332053759403705,13,17,10,4,11,33,4,7
2300,3181,0.694,0.81,0.2671281873176877,0.5126920237682049,13,17,10,4,12,33,4,7
2300,3182,0.832,0.8,0.23657847253241437,0.4883704608421551,13,17,10,4,13,33,4,7
2300,3183,0.938,0.85,0.21522409949650456,0.46297624186719144,13,17,10,4,14,33,4,7
2300,3184,0.987,0.9,0.20596092524666354,0.4431054720630574,13,17,10,4,15,33,4,7
2300,3185,0.999,0.95,0.20519046899996063,0.43655138696272555,13,17,10,4,16,33,4,7
2300,3186,1,1,0.20950193830967867,0.4401806462705654,13,17,10,4,17,33,4,7
2300,3202,0.522,0.834,0.3126826576125369,0.5415299404368419,13,17,10,4,10,34,4,7
2300,3203,0.606,0.826,0.28689042284642863,0.5258788047558973,13,17,10,4,11,34,4,7
2300,3204,0.723,0.818,0.25810876369478986,0.5063380946216132,13,17,10,4,12,34,4,7
2300,3205,0.852,0.81,0.23133845462001557,0.48369046637747815,13,17,10,4,13,34,4,7
2300,3206,0.947,0.857,0.21330093074684786,0.4605708474295993,13,17,10,4,14,34,4,7
2300,3207,0.989,0.905,0.20578381379574695,0.4429985503645001,13,17,10,4,15,34,4,7
2300,3208,0.999,0.953,0.20597804484194004,0.4378244606630325,13,17,10,4,16,34,4,7
2300,3209,1,1,0.21122132042064523,0.4419722499750002,13,17,10,4,17,34,4,7
2300,3226,0.546,0.84,0.3014555891307066,0.534845683279072,13,17,10,4,10,35,4,7
2300,3227,0.634,0.834,0.27722980809935294,0.5196443391819234,13,17,10,4,11,35,4,7
2300,3228,0.75,0.826,0.2510256942877298,0.5010734154940525,13,17,10,4,12,35,4,7
2300,3229,0.869,0.818,0.22748030604105685,0.47997525054851,13,17,10,4,13,35,4,7
2300,3230,0.954,0.864,0.21225939252470305,0.45887784846249957,13,17,10,4,14,35,4,7
2300,3231,0.991,0.909,0.20634543023377427,0.4432972951253876,13,17,10,4,15,35,4,7
2300,3232,1,0.955,0.2074738710144608,0.4392915266858817,13,17,10,4,16,35,4,7
2300,3233,1,1,0.21338863537291386,0.44383427027213895,13,17,10,4,17,35,4,7
2300,3254,1,1,0.46895882422937407,0.5602028086024848,13,17,10,4,10,13,7,7
2300,3255,1,1,0.47129523892794767,0.5687407373413776,13,17,10,4,11,13,7,7
2300,3256,1,1,0.4753500652240985,0.5857367775717701,13,17,10,4,12,13,7,7
2300,3257,1,0.858,0.4615628819354878,0.5372398785475985,13,17,10,4,10,14,7,7
2300,3258,1,0.834,0.4639803263189599,0.544774434346397,13,17,10,4,11,14,7,7
2300,3259,1,0.8,0.4688593970755598,0.5609769987761468,13,17,10,4,12,14,7,7
2300,3260,1,0.75,0.47501776741439183,0.5852908100333187,13,17,10,4,13,14,7,7
2300,3261,0.998,0.715,0.45508956719820914,0.5198918473644467,13,17,10,4,10,15,7,7
2300,3262,0.997,0.667,0.4585709488700038,0.5289616186174017,13,17,10,4,11,15,7,7
2300,3263,0.994,0.6,0.4643684085133689,0.5444927183663448,13,17,10,4,12,15,7,7
2300,3264,0.984,0.5,0.472034309917043,0.5658408375780919,13,17,10,4,13,15,7,7
2300,3265,0.943,0.751,0.48354663737595205,0.5968977789719948,13,17,10,4,14,15,7,7
2300,3266,0.978,0.572,0.46016739713959454,0.5189399646414273,13,17,10,4,10,16,7,7
2300,3267,0.962,0.5,0.4715297291390472,0.5351444070498046,13,17,10,4,11,16,7,7
2300,3268,0.93,0.4,0.4901304355790731,0.5607212221952033,13,17,10,4,12,16,7,7
2300,3269,0.86,0.25,0.5208252441511301,0.6009337616840269,13,17,10,4,13,16,7,7
2300,3270,0.683,0.501,0.5788905610165336,0.665962251851025,13,17,10,4,14,16,7,7
2300,3271,0.421,0.751,0.6232097673890586,0.7032711840567354,13,17,10,4,15,16,7,7
2300,3272,0.9,0.429,0.4780175801425123,0.5575677396048802,13,17,10,4,10,17,7,7
2300,3273,0.842,0.333,0.5212227777612859,0.5935942586946241,13,17,10,4,11,17,7,7
2300,3274,0.744,0.2,0.5851496159138236,0.6488362260115734,13,17,10,4,12,17,7,7
2300,3275,0.57,0,0.6810850147190199,0.7372288676467897,13,17,10,4,13,17,7,7
2300,3276,0.259,0.25,0.8273437565846646,0.8675354931988166,13,17,10,4,14,17,7,7
2300,3277,0.239,0.5,0.8078951325615205,0.828407946286099,13,17,10,4,15,17,7,7
2300,3278,0.738,0.75,0.5417584334800982,0.643658850231702,13,17,10,4,16,17,7,7
2300,3279,0.733,0.5,0.5203939189843203,0.6333016724253278,13,17,10,4,10,18,7,7
2300,3280,0.616,0.429,0.5917928237107557,0.6907748746218083,13,17,10,4,11,18,7,7
2300,3281,0.445,0.334,0.6957201089835785,0.7718716635754137,13,17,10,4,12,18,7,7
2300,3282,0.214,0.2,0.84273348577769025,0.8824418282400406,13,17,10,4,13,18,7,7
2300,3283,0.177,0.4,0.878630709230711,0.8818318310811357,13,17,10,4,14,18,7,7
2300,3284,0.624,0.6,0.6533173495721356,0.6937724842924089,13,17,10,4,15,18,7,7
2300,3285,0.947,0.8,0.4793729025701995,0.5545969543959918,13,17,10,4,16,18,7,7
2300,3286,1,1,0.4669322623878863,0.5615347861931853,13,17,10,4,17,18,7,7
2300,3287,0.514,0.556,0.595957614534651,0.7013912204103723,13,17,10,4,10,19,7,7
2300,3288,0.381,0.5,0.6758407342720574,0.7578819385430984,13,17,10,4,11,19,7,7
2300,3289,0.259,0.429,0.7596339511117098,0.8139134513954072,13,17,10,4,12,19,7,7
2300,3290,0.201,0.333,0.7937176009262563,0.8199337612373246,13,17,10,4,13,19,7,7
2300,3291,0.486,0.5,0.6470643937062615,0.7218392193574508,13,17,10,4,14,19,7,7
2300,3292,0.823,0.667,0.493741658784154,0.586964095629162,13,17,10,4,15,19,7,7
2300,3293,0.986,0.834,0.44880748801125836,0.5157668890552252,13,17,10,4,16,19,7,7
2300,3294,1,1,0.4526355030199113,0.5259748348862223,13,17,10,4,17,19,7,7
2300,3296,0.371,0.6,0.636300584176245,0.7302455384180901,13,17,10,4,10,20,7,7
2300,3297,0.305,0.556,0.6842393832646936,0.7602839264557343,13,17,10,4,11,20,7,7
2300,3298,0.274,0.5,0.7013457451518103,0.7639543986922621,13,17,10,4,12,20,7,7
2300,3299,0.357,0.429,0.6311523373598256,0.7169902533383814,13,17,10,4,13,20,7,7
2300,3300,0.683,0.572,0.49086210345288495,0.6240983401703468,13,17,10,4,14,20,7,7
2300,3301,0.914,0.715,0.39269452545704686,0.5315342503102491,13,17,10,4,15,20,7,7
2300,3302,0.995,0.858,0.3835151004569195,0.4952551393312815,13,17,10,4,16,20,7,7
2300,3303,1,1,0.4440220899370767,0.5077976137497459,13,17,10,4,17,20,7,7
2300,3306,0.338,0.637,0.6232545953158211,0.7208301882728793,13,17,10,4,10,21,7,7
2300,3307,0.319,0.6,0.6318153669596731,0.7227678428480491,13,17,10,4,11,21,7,7
2300,3308,0.339,0.556,0.5973941984163939,0.6978203449708134,13,17,10,4,12,21,7,7
2300,3309,0.54,0.5,0.4990286219914746,0.6410954806366481,13,17,10,4,13,21,7,7
2300,3310,0.804,0.625,0.3944560669519187,0.5647662269710172,13,17,10,4,14,21,7,7
2300,3311,0.956,0.75,0.33877921597300575,0.5016898423974807,13,17,10,4,15,21,7,7
2300,3312,0.998,0.875,0.34810458099473407,0.4833895725083829,13,17,10,4,16,21,7,7
2300,3313,1,1,0.39852849932786105,0.49384883399585133,13,17,10,4,17,21,7,7
2300,3317,0.349,0.667,0.578525572057832,0.6918347415320003,13,17,10,4,10,22,7,7
2300,3318,0.354,0.637,0.5574272577482133,0.6769490404563453,13,17,10,4,11,22,7,7
2300,3319,0.45,0.6,0.49773618923995055,0.6418620243408393,13,17,10,4,12,22,7,7
2300,3320,0.678,0.556,0.40840544496615583,0.5878888038739822,13,17,10,4,13,22,7,7
2300,3321,0.878,0.667,0.3355830624584377,0.5270628749848294,13,17,10,4,14,22,7,7
2300,3322,0.977,0.778,0.30559938775438744,0.4830986647220642,13,17,10,4,15,22,7,7
2300,3323,0.999,0.889,0.3188300766406422,0.4727583847776685,13,17,10,4,16,22,7,7
2300,3324,1,1,0.34952230666615547,0.47872161778790245,13,17,10,4,17,22,7,7
2300,3329,0.371,0.693,0.5213086021328694,0.6577283286878481,13,17,10,4,10,23,7,7
2300,3330,0.42,0.667,0.48251553404081005,0.6347538963472477,13,17,10,4,11,23,7,7
2300,3331,0.566,0.636,0.41736223099865355,0.597539085726744,13,17,10,4,12,23,7,7
2300,3332,0.775,0.6,0.34514637234973744,0.5493637969588543,13,17,10,4,13,23,7,7
2300,3333,0.923,0.7,0.2958323374316758,0.5008783714625848,13,17,10,4,14,23,7,7
2300,3334,0.987,0.8,0.28040996937092477,0.4691366140561338,13,17,10,4,15,23,7,7
2300,3335,1,0.9,0.2908213576801584,0.4622137281583192,13,17,10,4,16,23,7,7
2300,3336,1,1,0.3075732295479753,0.46529885301641205,13,17,10,4,17,23,7,7
2300,3342,0.413,0.714,0.4628310163473548,0.6247355521597544,13,17,10,4,10,24,7,7
2300,3343,0.503,0.692,0.4164674344192011,0.5984642478634365,13,17,10,4,11,24,7,7
2300,3344,0.667,0.667,0.356003357110631,0.5623589438592707,13,17,10,4,12,24,7,7
2300,3345,0.842,0.637,0.30032862940087113,0.5203108663079427,13,17,10,4,13,24,7,7
2300,3346,0.95,0.727,0.266918648970485,0.4814000892529202,13,17,10,4,14,24,7,7
2300,3347,0.993,0.819,0.25878463336329305,0.4577801758041685,13,17,10,4,15,24,7,7
2300,3348,1,0.91,0.2652920867301243,0.45265386395761176,13,17,10,4,16,24,7,7
2300,3349,1,1,0.27414686363014895,0.4543605196851751,13,17,10,4,17,24,7,7
2300,3356,0.471,0.733,0.4088601844361266,0.5948915886085684,13,17,10,4,10,25,7,7
2300,3357,0.587,0.714,0.3618901645970095,0.5678496397966295,13,17,10,4,11,25,7,7
2300,3358,0.746,0.692,0.30999116954414174,0.5342009227097342,13,17,10,4,12,25,7,7
2300,3359,0.888,0.667,0.2679420639795228,0.4979198093046331,13,17,10,4,13,25,7,7
2300,3360,0.967,0.75,0.24524288545339668,0.4665833904966066,13,17,10,4,14,25,7,7
2300,3361,0.996,0.834,0.24051671720494872,0.44878321065432514,13,17,10,4,15,25,7,7
2300,3362,1,0.917,0.24404619343020073,0.44515213962150757,13,17,10,4,16,25,7,7
2300,3363,1,1,0.24964729344525172,0.44679876326009726,13,17,10,4,17,25,7,7
2300,3371,0.536,0.75,0.3622881049875377,0.5688573590180606,13,17,10,4,10,26,7,7
2300,3372,0.662,0.733,0.3187611721752477,0.5424763162350081,13,17,10,4,11,26,7,7
2300,3373,0.807,0.715,0.27611417694997575,0.5119031292260626,13,17,10,4,12,26,7,7
2300,3374,0.92,0.693,0.24484964168088763,0.4809384824152091,13,17,10,4,13,26,7,7
2300,3375,0.978,0.769,0.22944727526565944,0.45580740874899184,13,17,10,4,14,26,7,7
2300,3376,0.997,0.847,0.2266019684776973,0.4425629521707929,13,17,10,4,15,26,7,7
2300,3377,1,0.924,0.22891178471576068,0.44058020906000406,13,17,10,4,16,26,7,7
2300,3378,1,1,0.23370098300759645,0.4431191036671692,13,17,10,4,17,26,7,7
2300,3387,0.601,0.765,0.32409539168087387,0.5468321946385367,13,17,10,4,10,27,7,7
2300,3388,0.727,0.75,0.2857354702388365,0.5219528522944488,13,17,10,4,11,27,7,7
2300,3389,0.853,0.734,0.25162525823825665,0.4946927297422208,13,17,10,4,12,27,7,7
2300,3390,0.942,0.715,0.22873664629686385,0.4685389656245429,13,17,10,4,13,27,7,7
2300,3391,0.985,0.786,0.2186250856782992,0.44855235585624964,13,17,10,4,14,27,7,7
2300,3392,0.998,0.858,0.21705627097722402,0.4390110920331092,13,17,10,4,15,27,7,7
2300,3393,1,0.929,0.2196376921390184,0.43873801255785505,13,17,10,4,16,27,7,7
2300,3394,1,1,0.22572125296685686,0.4425800624726296,13,17,10,4,17,27,7,7
2300,3404,0.662,0.778,0.29368356820642016,0.5286908936893722,13,17,10,4,10,28,7,7
2300,3405,0.781,0.765,0.2612078147749738,0.5057664226888492,13,17,10,4,11,28,7,7
2300,3406,0.888,0.75,0.2346286687587421,0.4817984978580738,13,17,10,4,12,28,7,7
2300,3407,0.958,0.734,0.21824205113908202,0.45990291879884404,13,17,10,4,13,28,7,7
2300,3408,0.99,0.8,0.2118017587565434,0.44418402208560626,13,17,10,4,14,28,7,7
2300,3409,0.999,0.867,0.2116436112233414,0.43770089022328684,13,17,10,4,15,28,7,7
2300,3410,1,0.934,0.21540663953345962,0.43908593941750096,13,17,10,4,16,28,7,7
2300,3411,1,1,0.2237205913130329,0.4443328821759883,13,17,10,4,17,28,7,7
2300,3422,0.715,0.79,0.27058311063118123,0.5141032960737765,13,17,10,4,10,29,7,7
2300,3423,0.824,0.778,0.24377856795037867,0.4933205258692416,13,17,10,4,11,29,7,7
2300,3424,0.914,0.765,0.22344383545445412,0.4724615650096391,13,17,10,4,12,29,7,7
2300,3425,0.969,0.75,0.21207013541455988,0.4542723745765167,13,17,10,4,13,29,7,7
2300,3426,0.993,0.813,0.20827696855174282,0.44209917043545854,13,17,10,4,14,29,7,7
2300,3427,0.999,0.875,0.20967017134234778,0.4381639636264745,13,17,10,4,15,29,7,7
2300,3428,1,0.938,0.21539181237098082,0.44106927838648535,13,17,10,4,16,29,7,7
2300,3429,1,1,0.22639297820307747,0.44760676077005057,13,17,10,4,17,29,7,7
2300,3441,0.762,0.8,0.25360802055367127,0.5026177771581776,13,17,10,4,10,30,7,7
2300,3442,0.859,0.79,0.23201575929482854,0.48398485394150936,13,17,10,4,11,30,7,7
2300,3443,0.934,0.778,0.2168436847721663,0.46596247858202267,13,17,10,4,12,30,7,7
2300,3444,0.977,0.765,0.20906415624397834,0.45095885769686894,13,17,10,4,13,30,7,7
2300,3445,0.995,0.824,0.20735855585559593,0.44172541558468403,13,17,10,4,14,30,7,7
2300,3446,1,0.883,0.21044731278836093,0.43989164254327773,13,17,10,4,15,30,7,7
2300,3447,1,0.942,0.2178304189780056,0.44407709593902533,13,17,10,4,16,30,7,7
2300,3448,1,1,0.2305686365195192,0.4515955293805467,13,17,10,4,17,30,7,7
2300,3461,0.801,0.81,0.24180213172537313,0.4937281922247929,13,17,10,4,10,31,7,7
2300,3462,0.886,0.8,0.22465539991690464,0.4771430240406799,13,17,10,4,11,31,7,7
2300,3463,0.948,0.789,0.2133143141074929,0.46164893794259365,13,17,10,4,12,31,7,7
2300,3464,0.983,0.778,0.2081089125336263,0.44935822099409295,13,17,10,4,13,31,7,7
2300,3465,0.996,0.834,0.20808950379378943,0.44255094964622443,13,17,10,4,14,31,7,7
2300,3466,1,0.889,0.21251478575822802,0.4424151337412756,13,17,10,4,15,31,7,7
2300,3467,1,0.945,0.2214469862152071,0.4475824408261967,13,17,10,4,16,31,7,7
2300,3468,1,1,0.23579759376073428,0.45568374058384764,13,17,10,4,17,31,7,7
2300,3482,0.834,0.819,0.23379711371810452,0.4869433668598083,13,17,10,4,10,32,7,7
2300,3483,0.908,0.81,0.2201567900259941,0.472248254402195,13,17,10,4,11,32,7,7
2300,3484,0.96,0.8,0.2116471475026579,0.4589759666331711,13,17,10,4,12,32,7,7
2300,3485,0.987,0.79,0.20832123963931282,0.44898182275076925,13,17,10,4,13,32,7,7
2300,3486,0.997,0.842,0.20978802318177836,0.44416158424024454,13,17,10,4,14,32,7,7
2300,3487,1,0.895,0.21574152649197098,0.4453515018963312,13,17,10,4,15,32,7,7
2300,3488,1,0.948,0.22605362369814774,0.4511699983971901,13,17,10,4,16,32,7,7
2300,3489,1,1,0.24111531830124022,0.45942315398092703,13,17,10,4,17,32,7,7
2300,3504,0.862,0.826,0.22837663882034587,0.48182807013980977,13,17,10,4,10,33,7,7
2300,3505,0.926,0.819,0.21744901098762948,0.4688437289970394,13,17,10,4,11,33,7,7
2300,3506,0.968,0.81,0.21113452638174235,0.45750524870822185,13,17,10,4,12,33,7,7
2300,3507,0.99,0.8,0.20964434405266774,0.4494419720420785,13,17,10,4,13,33,7,7
2300,3508,0.998,0.85,0.21271686940926238,0.4462242768535887,13,17,10,4,14,33,7,7
2300,3509,1,0.9,0.2198171208598615,0.4483903682792404,13,17,10,4,15,33,7,7
2300,3510,1,0.95,0.2307321412346035,0.45452138984157897,13,17,10,4,16,33,7,7
2300,3511,1,1,0.24549391671673626,0.46251927002049187,13,17,10,4,17,33,7,7
2300,3527,0.885,0.834,0.2248114594501489,0.4780215386692912,13,17,10,4,10,34,7,7
2300,3528,0.94,0.826,0.21625563039380213,0.46656644595112695,13,17,10,4,11,34,7,7
2300,3529,0.975,0.818,0.21197722597099045,0.4568988680222832,13,17,10,4,12,34,7,7
2300,3530,0.992,0.81,0.21204101894454297,0.45044538193029837,13,17,10,4,13,34,7,7
2300,3531,0.999,0.857,0.21622955124829712,0.44849167248907396,13,17,10,4,14,34,7,7
2300,3532,1,0.905,0.22405457756059521,0.45131488932389585,13,17,10,4,15,34,7,7
2300,3533,1,0.953,0.23507760264491928,0.4574501015361614,13,17,10,4,16,34,7,7
2300,3534,1,1,0.24906339612544803,0.4648727745590342,13,17,10,4,17,34,7,7
2300,3551,0.904,0.84,0.22296392252847896,0.4752474573175234,13,17,10,4,10,35,7,7
2300,3552,0.951,0.834,0.21639700195077427,0.46515150193338584,13,17,10,4,11,35,7,7
2300,3553,0.98,0.826,0.2137571703035941,0.4569236025254093,13,17,10,4,12,35,7,7
2300,3554,0.994,0.818,0.21515613193457417,0.45180558532068804,13,17,10,4,13,35,7,7
2300,3555,0.999,0.864,0.2202957152272793,0.4508298751258587,13,17,10,4,14,35,7,7
2300,3556,1,0.909,0.2285878026062158,0.45404616189715874,13,17,10,4,15,35,7,7
2300,3557,1,0.955,0.23948386861420468,0.45995564993005733,13,17,10,4,16,35,7,7
2300,3558,1,1,0.25257899458536015,0.46662769044028474,13,17,10,4,17,35,7,7
2300,3579,1,1,0.4689627504330668,0.5602277501990581,13,17,10,4,10,13,10,7
2300,3580,1,1,0.471866807765539,0.5710579026233249,13,17,10,4,11,13,10,7
2300,3581,1,1,0.47576773130212513,0.5877377298262372,13,17,10,4,12,13,10,7
2300,3582,1,0.858,0.4616612347849691,0.5377779323629563,13,17,10,4,10,14,10,7
2300,3583,1,0.834,0.4649263073674783,0.5479412901998119,13,17,10,4,11,14,10,7
2300,3584,1,0.8,0.47010116965198256,0.565527669068461,13,17,10,4,12,14,10,7
2300,3585,1,0.75,0.4754661368344687,0.5874123935017164,13,17,10,4,13,14,10,7
2300,3586,0.997,0.715,0.45639933001766153,0.5231616393989428,13,17,10,4,10,15,10,7
2300,3587,0.995,0.667,0.46092985343852466,0.5348349791620383,13,17,10,4,11,15,10,7
2300,3588,0.989,0.6,0.46694582169226617,0.5507923259024118,13,17,10,4,12,15,10,7
2300,3589,0.976,0.5,0.4745855433286913,0.5723095159770202,13,17,10,4,13,15,10,7
2300,3590,0.928,0.751,0.4862401754281439,0.6020671808285999,13,17,10,4,14,15,10,7
2300,3591,0.958,0.572,0.47225882394266394,0.5329105620437993,13,17,10,4,10,16,10,7
2300,3592,0.933,0.5,0.48794010139158583,0.5539321333873015,13,17,10,4,11,16,10,7
2300,3593,0.885,0.4,0.5112561789926282,0.584264208122588,13,17,10,4,12,16,10,7
2300,3594,0.79,0.25,0.548477043039846,0.6301262880816706,13,17,10,4,13,16,10,7
2300,3595,0.577,0.501,0.61156857896763,0.6916468450999367,13,17,10,4,14,16,10,7
2300,3596,0.403,0.751,0.6238264885263632,0.7041649031660613,13,17,10,4,15,16,10,7
2300,3597,0.816,0.429,0.5212046316181892,0.6034072841323946,13,17,10,4,10,17,10,7
2300,3598,0.729,0.333,0.5786151525465653,0.6515882580844142,13,17,10,4,11,17,10,7
2300,3599,0.594,0.2,0.6649792173399296,0.7219733820094989,13,17,10,4,12,17,10,7
2300,3600,0.376,0,0.7830614035862283,0.8259418185670667,13,17,10,4,13,17,10,7
2300,3601,0.134,0.25,0.8939392448300103,0.9133622079424124,13,17,10,4,14,17,10,7
2300,3602,0.363,0.5,0.7325628752388691,0.7794809124195731,13,17,10,4,15,17,10,7
2300,3603,0.812,0.75,0.519121740759596,0.6267570970315085,13,17,10,4,16,17,10,7
2300,3604,0.542,0.5,0.6209307600732552,0.7162450852377018,13,17,10,4,10,18,10,7
2300,3605,0.393,0.429,0.7143464747831647,0.7856880617262023,13,17,10,4,11,18,10,7
2300,3606,0.215,0.334,0.8308934639971699,0.8699321090127325,13,17,10,4,12,18,10,7
2300,3607,0.104,0.2,0.8988966050571044,0.8973352243492365,13,17,10,4,13,18,10,7
2300,3608,0.454,0.4,0.7353058306539699,0.7700712856673619,13,17,10,4,14,18,10,7
2300,3609,0.792,0.6,0.5601228977062803,0.6202406689248767,13,17,10,4,15,18,10,7
2300,3610,0.98,0.8,0.46541760355368356,0.5438213695048109,13,17,10,4,16,18,10,7
2300,3611,1,1,0.4682444637168899,0.5653633423186708,13,17,10,4,17,18,10,7
2300,3612,0.315,0.556,0.7063809351655244,0.7771275503119823,13,17,10,4,10,19,10,7
2300,3613,0.25,0.5,0.7592940863892357,0.8088703736175182,13,17,10,4,11,19,10,7
2300,3614,0.227,0.429,0.7597917038976749,0.7983511315007606,13,17,10,4,12,19,10,7
2300,3615,0.447,0.333,0.6474425785807878,0.726778803872311,13,17,10,4,13,19,10,7
2300,3616,0.74,0.5,0.5182980162757975,0.6227793015083904,13,17,10,4,14,19,10,7
2300,3617,0.934,0.667,0.44418864315478435,0.5375281614257912,13,17,10,4,15,19,10,7
2300,3618,0.997,0.834,0.44670799905445335,0.5138940309014207,13,17,10,4,16,19,10,7
2300,3619,1,1,0.4551764723407309,0.5309611780280766,13,17,10,4,17,19,10,7
2300,3621,0.299,0.6,0.6771938890926095,0.7518115062977452,13,17,10,4,10,20,10,7
2300,3622,0.296,0.556,0.6603901498412112,0.7361750706849861,13,17,10,4,11,20,10,7
2300,3623,0.426,0.5,0.5840406557042852,0.6899519010305596,13,17,10,4,12,20,10,7
2300,3624,0.683,0.429,0.47719805366047086,0.6198883555057446,13,17,10,4,13,20,10,7
2300,3625,0.88,0.572,0.3970109413734524,0.5473630789024433,13,17,10,4,14,20,10,7
2300,3626,0.979,0.715,0.37180548716214934,0.5020131215310684,13,17,10,4,15,20,10,7
2300,3627,1,0.858,0.40556465916013973,0.49823815109278025,13,17,10,4,16,20,10,7
2300,3628,1,1,0.44830255523685425,0.5151329792560893,13,17,10,4,17,20,10,7
2300,3631,0.341,0.637,0.5877335679698963,0.6939554982738305,13,17,10,4,10,21,10,7
2300,3632,0.43,0.6,0.5333474398306269,0.6613557101745449,13,17,10,4,11,21,10,7
2300,3633,0.626,0.556,0.4517582647926589,0.6128217877692345,13,17,10,4,12,21,10,7
2300,3634,0.823,0.5,0.3778547419865782,0.556698590937742,13,17,10,4,13,21,10,7
2300,3635,0.945,0.625,0.3369981968599869,0.5085667880883431,13,17,10,4,14,21,10,7
2300,3636,0.993,0.75,0.3380042818826182,0.4852387450095058,13,17,10,4,15,21,10,7
2300,3637,1,0.875,0.37247508118052586,0.4877390478639251,13,17,10,4,16,21,10,7
2300,3638,1,1,0.42174530249840003,0.49835061502943134,13,17,10,4,17,21,10,7
2300,3642,0.44,0.667,0.49087494542121923,0.6388436617001034,13,17,10,4,10,22,10,7
2300,3643,0.584,0.637,0.4301675611292174,0.6035289718947869,13,17,10,4,11,22,10,7
2300,3644,0.765,0.6,0.36653676599804486,0.5606916277977851,13,17,10,4,12,22,10,7
2300,3645,0.902,0.556,0.3206415812998894,0.5177360778470136,13,17,10,4,13,22,10,7
2300,3646,0.974,0.667,0.30260843687615946,0.4855799128404875,13,17,10,4,14,22,10,7
2300,3647,0.997,0.778,0.31162596175443846,0.47272695173004553,13,17,10,4,15,22,10,7
2300,3648,1,0.889,0.3348402981545312,0.4748482609446225,13,17,10,4,16,22,10,7
2300,3649,1,1,0.36147782441650733,0.48042294938526275,13,17,10,4,17,22,10,7
2300,3654,0.56,0.693,0.40852110668680597,0.5932246514900122,13,17,10,4,10,23,10,7
2300,3655,0.711,0.667,0.35569552344916977,0.5599475999144041,13,17,10,4,11,23,10,7
2300,3656,0.853,0.636,0.3106235141093895,0.5239096864571846,13,17,10,4,12,23,10,7
2300,3657,0.945,0.6,0.283682253163399,0.49118536809633695,13,17,10,4,13,23,10,7
2300,3658,0.988,0.7,0.2771600770144781,0.4690893155287229,13,17,10,4,14,23,10,7
2300,3659,0.999,0.8,0.28525929717533316,0.46124232743429106,13,17,10,4,15,23,10,7
2300,3660,1,0.9,0.2984373260538392,0.4625174095159875,13,17,10,4,16,23,10,7
2300,3661,1,1,0.31396082696758953,0.4662781143754562,13,17,10,4,17,23,10,7
2300,3667,0.67,0.714,0.3447650623745062,0.5563291859819977,13,17,10,4,10,24,10,7
2300,3668,0.804,0.692,0.30336866676920515,0.5265437117212278,13,17,10,4,11,24,10,7
2300,3669,0.909,0.667,0.2727000230993635,0.49678162064372877,13,17,10,4,12,24,10,7
2300,3670,0.969,0.637,0.25711886882430446,0.4718053899378909,13,17,10,4,13,24,10,7
2300,3671,0.994,0.727,0.2550777054133423,0.45629195051569926,13,17,10,4,14,24,10,7
2300,3672,1,0.819,0.2603173401426281,0.4512565052170555,13,17,10,4,15,24,10,7
2300,3673,1,0.91,0.2676331411639943,0.4522485134903459,13,17,10,4,16,24,10,7
2300,3674,1,1,0.2772550267572744,0.45533687386802346,13,17,10,4,17,24,10,7
2300,3681,0.759,0.733,0.2974017646676469,0.5267071489259197,13,17,10,4,10,25,10,7
2300,3682,0.868,0.714,0.26657970691436883,0.5008221409072182,13,17,10,4,11,25,10,7
2300,3683,0.943,0.692,0.246219936298804,0.4766229844995914,13,17,10,4,12,25,10,7
2300,3684,0.982,0.667,0.23725466896490433,0.4577144756882964,13,17,10,4,13,25,10,7
2300,3685,0.997,0.75,0.23668689889826589,0.44696144305629393,13,17,10,4,14,25,10,7
2300,3686,1,0.834,0.23999621605667198,0.4441538798648279,13,17,10,4,15,25,10,7
2300,3687,1,0.917,0.24543179195360643,0.44584823604064405,13,17,10,4,16,25,10,7
2300,3688,1,1,0.25415296386937636,0.44976553187042845,13,17,10,4,17,25,10,7
2300,3696,0.826,0.75,0.263566582904619,0.5036112216228943,13,17,10,4,10,26,10,7
2300,3697,0.911,0.733,0.24148218128321275,0.4817079265654405,13,17,10,4,11,26,10,7
2300,3698,0.964,0.715,0.22838388602663107,0.4624568046326929,13,17,10,4,12,26,10,7
2300,3699,0.99,0.693,0.22350038072520917,0.4485133817635043,13,17,10,4,13,26,10,7
2300,3700,0.998,0.769,0.22366618305199226,0.4415684816192724,13,17,10,4,14,26,10,7
2300,3701,1,0.847,0.22679889813619392,0.4409285839575564,13,17,10,4,15,26,10,7
2300,3702,1,0.924,0.23293141105440995,0.44404912562502896,13,17,10,4,16,26,10,7
2300,3703,1,1,0.24382253334902249,0.4496252375272739,13,17,10,4,17,26,10,7
2300,3712,0.875,0.765,0.24028873082056512,0.48638581439755435,13,17,10,4,10,27,10,7
2300,3713,0.939,0.75,0.22519003618583433,0.4682977925414582,13,17,10,4,11,27,10,7
2300,3714,0.977,0.734,0.21726149904193015,0.45335848628476816,13,17,10,4,12,27,10,7
2300,3715,0.994,0.715,0.21490168912396845,0.44349716683256235,13,17,10,4,13,27,10,7
2300,3716,0.999,0.786,0.21635013294486072,0.4396830759481083,13,17,10,4,14,27,10,7
2300,3717,1,0.858,0.220940995524591,0.441097968614525,13,17,10,4,15,27,10,7
2300,3718,1,0.929,0.22949409313136382,0.44588558815962975,13,17,10,4,16,27,10,7
2300,3719,1,1,0.24408058596419224,0.45329385574696945,13,17,10,4,17,27,10,7
2300,3729,0.911,0.778,0.22548476360155267,0.4741675658171317,13,17,10,4,10,28,10,7
2300,3730,0.959,0.765,0.2156076124584505,0.4595559391810974,13,17,10,4,11,28,10,7
2300,3731,0.985,0.75,0.21116570226712883,0.44829438096329843,13,17,10,4,12,28,10,7
2300,3732,0.996,0.734,0.21093936463970475,0.44178934379179546,13,17,10,4,13,28,10,7
2300,3733,0.999,0.8,0.21422341520251786,0.4405816813796548,13,17,10,4,14,28,10,7
2300,3734,1,0.867,0.22133246537724527,0.4438735707321594,13,17,10,4,15,28,10,7
2300,3735,1,0.934,0.23344652122684906,0.4502807623590095,13,17,10,4,16,28,10,7
2300,3736,1,1,0.2521705629713329,0.4592943030469703,13,17,10,4,17,28,10,7
2300,3747,0.936,0.79,0.21706230739512178,0.4660245638348618,13,17,10,4,10,29,10,7
2300,3748,0.972,0.778,0.21095980713514006,0.45447904865042854,13,17,10,4,11,29,10,7
2300,3749,0.99,0.765,0.20909618308984712,0.4463159303060039,13,17,10,4,12,29,10,7
2300,3750,0.998,0.75,0.21111963310506177,0.4425697526189316,13,17,10,4,13,29,10,7
2300,3751,1,0.813,0.21685351130560782,0.44351287343655277,13,17,10,4,14,29,10,7
2300,3752,1,0.875,0.22655201530288072,0.4483832451055869,13,17,10,4,15,29,10,7
2300,3753,1,0.938,0.24119572610249596,0.4560484604009015,13,17,10,4,16,29,10,7
2300,3754,1,1,0.26227585004792253,0.46596860485078795,13,17,10,4,17,29,10,7
2300,3766,0.954,0.8,0.21308898882481497,0.461032170022188,13,17,10,4,10,30,10,7
2300,3767,0.98,0.79,0.20973628524851584,0.45212301308931235,13,17,10,4,11,30,10,7
2300,3768,0.994,0.778,0.2101171845696571,0.4465271074917375,13,17,10,4,12,30,10,7
2300,3769,0.999,0.765,0.2140227089263107,0.4450001692865583,13,17,10,4,13,30,10,7
2300,3770,1,0.824,0.22160190761513499,0.44761607352652677,13,17,10,4,14,30,10,7
2300,3771,1,0.883,0.23330051833432486,0.4536064118222587,13,17,10,4,15,30,10,7
2300,3772,1,0.942,0.24995560047868604,0.4619128321036601,13,17,10,4,16,30,10,7
2300,3773,1,1,0.27196989504191393,0.4718112053633794,13,17,10,4,17,30,10,7
2300,3786,0.967,0.81,0.21181499065361442,0.4583593182496125,13,17,10,4,10,31,10,7
2300,3787,0.986,0.8,0.21052237991317369,0.4516743879504088,13,17,10,4,11,31,10,7
2300,3788,0.996,0.789,0.21270205695127486,0.4481663852786304,13,17,10,4,12,31,10,7
2300,3789,0.999,0.778,0.21845479403992163,0.4483628950729399,13,17,10,4,13,31,10,7
2300,3790,1,0.834,0.22781790119743695,0.45216269986046864,13,17,10,4,14,31,10,7
2300,3791,1,0.889,0.24103394106375842,0.4587425391908262,13,17,10,4,15,31,10,7
2300,3792,1,0.945,0.2581446223108774,0.467015616030125,13,17,10,4,16,31,10,7
2300,3793,1,1,0.27910690756789036,0.476068667896024,13,17,10,4,17,31,10,7
2300,3807,0.976,0.819,0.21217382979566135,0.457326561374653,13,17,10,4,10,32,10,7
2300,3808,0.99,0.81,0.2128216398750692,0.4524817938353032,13,17,10,4,11,32,10,7
2300,3809,0.997,0.8,0.2169054005618246,0.4506213251410074,13,17,10,4,12,32,10,7
2300,3810,0.999,0.79,0.22417857469657865,0.45206897385839373,13,17,10,4,13,32,10,7
2300,3811,1,0.842,0.2345505243197048,0.4565549228804455,13,17,10,4,14,32,10,7
2300,3812,1,0.895,0.24791667661387629,0.46317574608484835,13,17,10,4,15,32,10,7
2300,3813,1,0.948,0.2641147966097096,0.4707990380012258,13,17,10,4,16,32,10,7
2300,3814,1,1,0.2827318990681297,0.47843267535142053,13,17,10,4,17,32,10,7
2300,3829,0.982,0.826,0.21429865227165634,0.4573881445488731,13,17,10,4,10,33,10,7
2300,3830,0.993,0.819,0.21661984162665104,0.45402391449534785,13,17,10,4,11,33,10,7
2300,3831,0.998,0.81,0.2219190162996174,0.4533990627783102,13,17,10,4,12,33,10,7
2300,3832,1,0.8,0.22997912264064369,0.45564930312432916,13,17,10,4,13,33,10,7
2300,3833,1,0.85,0.24047876144233826,0.46035033335439635,13,17,10,4,14,33,10,7
2300,3834,1,0.9,0.2532146714640585,0.4665348489150817,13,17,10,4,15,33,10,7
2300,3835,1,0.95,0.2678568792698012,0.47308160277542544,13,17,10,4,16,33,10,7
2300,3836,1,1,0.2834505362720936,0.47907484174323556,13,17,10,4,17,33,10,7
2300,3852,0.987,0.834,0.21748173628429845,0.4581330748460135,13,17,10,4,10,34,10,7
2300,3853,0.995,0.826,0.22106721335303292,0.45591960942116794,13,17,10,4,11,34,10,7
2300,3854,0.999,0.818,0.22717882947704948,0.4561584589652373,13,17,10,4,12,34,10,7
2300,3855,1,0.81,0.23547173617443085,0.45881817191203944,13,17,10,4,13,34,10,7
2300,3856,1,0.857,0.24569957129023468,0.4633544190764577,13,17,10,4,14,34,10,7
2300,3857,1,0.905,0.2574449845479574,0.468789653873503,13,17,10,4,15,34,10,7
2300,3858,1,0.953,0.2699500736260523,0.47410218206776944,13,17,10,4,16,34,10,7
2300,3859,1,1,0.28230770332938593,0.47857251304443627,13,17,10,4,17,34,10,7
2300,3876,0.99,0.84,0.22170838791518777,0.45932006278060367,13,17,10,4,10,35,10,7
2300,3877,0.996,0.834,0.22627001383328194,0.4579792547685294,13,17,10,4,11,35,10,7
2300,3878,0.999,0.826,0.23289065024889066,0.4587833541006432,13,17,10,4,12,35,10,7
2300,3879,1,0.818,0.24126302221991824,0.4615667652987967,13,17,10,4,13,35,10,7
2300,3880,1,0.864,0.2509483652734299,0.46571826059927235,13,17,10,4,14,35,10,7
2300,3881,1,0.909,0.2613836574797105,0.4703185985317383,13,17,10,4,15,35,10,7
2300,3882,1,0.955,0.27200108064921313,0.4745189468240646,13,17,10,4,16,35,10,7
2300,3883,1,1,0.2820210093337546,0.4778424853598503,13,17,10,4,17,35,10,7
2300,3904,1,1,0.4763475580520856,0.5908410458428424,13,17,10,4,10,13,1,10
2300,3905,1,1,0.4763863998602629,0.590570265905972,13,17,10,4,11,13,1,10
2300,3906,1,1,0.4777790849395914,0.5986556218122991,13,17,10,4,12,13,1,10
2300,3907,1,0.858,0.47407752178140516,0.5803510630248936,13,17,10,4,10,14,1,10
2300,3908,1,0.834,0.473220722170558,0.5762779454628644,13,17,10,4,11,14,1,10
2300,3909,1,0.8,0.4739813405444355,0.5797711322268494,13,17,10,4,12,14,1,10
2300,3910,1,0.75,0.4771112341461299,0.5950060094598941,13,17,10,4,13,14,1,10
2300,3911,1,0.715,0.4713920928316069,0.5695575651953706,13,17,10,4,10,15,1,10
2300,3912,1,0.667,0.46963104090713526,0.5626716204440754,13,17,10,4,11,15,1,10
2300,3913,1,0.6,0.4696666688329988,0.5632562550999527,13,17,10,4,12,15,1,10
2300,3914,0.999,0.5,0.47311408575173375,0.5766200922793548,13,17,10,4,13,15,1,10
2300,3915,0.983,0.751,0.4786985771905782,0.5976595156999536,13,17,10,4,14,15,1,10
2300,3916,1,0.572,0.46840432350067707,0.5589056424795531,13,17,10,4,10,16,1,10
2300,3917,1,0.5,0.4659572606147502,0.5504743890910472,13,17,10,4,11,16,1,10
2300,3918,0.998,0.4,0.46592476005444394,0.5503914242515457,13,17,10,4,12,16,1,10
2300,3919,0.991,0.25,0.47119420549102975,0.5644876066074809,13,17,10,4,13,16,1,10
2300,3920,0.943,0.501,0.48679718765794966,0.5928718364482871,13,17,10,4,14,16,1,10
2300,3921,0.653,0.751,0.5359582363490167,0.650967516961936,13,17,10,4,15,16,1,10
2300,3922,0.999,0.429,0.4654764050257618,0.5495274608959027,13,17,10,4,10,17,1,10
2300,3923,0.998,0.333,0.4630542131196539,0.5413285852084662,13,17,10,4,11,17,1,10
2300,3924,0.993,0.2,0.4646288080679287,0.5435453518248514,13,17,10,4,12,17,1,10
2300,3925,0.972,0,0.4761459060828239,0.5638550272243725,13,17,10,4,13,17,1,10
2300,3926,0.88,0.25,0.5119846790660821,0.6114102584893448,13,17,10,4,14,17,1,10
2300,3927,0.526,0.5,0.6206318634567993,0.7199305796794747,13,17,10,4,15,17,1,10
2300,3928,0.429,0.75,0.5990738443485335,0.6832162279347904,13,17,10,4,16,17,1,10
2300,3929,0.997,0.5,0.4633754700470395,0.5431371847179172,13,17,10,4,10,18,1,10
2300,3930,0.993,0.429,0.46225222525258636,0.5373724631774346,13,17,10,4,11,18,1,10
2300,3931,0.98,0.334,0.4681629505398348,0.5452190083567621,13,17,10,4,12,18,1,10
2300,3932,0.938,0.2,0.49128574732734476,0.5770179614917843,13,17,10,4,13,18,1,10
2300,3933,0.798,0.4,0.5537794008595089,0.6497603023237082,13,17,10,4,14,18,1,10
2300,3934,0.4,0.6,0.721055498496112,0.8029595359799419,13,17,10,4,15,18,1,10
2300,3935,0.488,0.8,0.6326361225608098,0.6915022796975737,13,17,10,4,16,18,1,10
2300,3936,1,1,0.4718242388865418,0.5756386826727902,13,17,10,4,17,18,1,10
2300,3937,0.992,0.556,0.4631010062829021,0.5409301773240185,13,17,10,4,10,19,1,10
2300,3938,0.983,0.5,0.4650441593264998,0.5394539273892958,13,17,10,4,11,19,1,10
2300,3939,0.958,0.429,0.4782149556928591,0.5550587353799428,13,17,10,4,12,19,1,10
2300,3940,0.891,0.333,0.5167351991681601,0.5998931753150603,13,17,10,4,13,19,1,10
2300,3941,0.704,0.5,0.6083224072736882,0.6942311683734234,13,17,10,4,14,19,1,10
2300,3942,0.284,0.667,0.8164933265763217,0.8636455788645359,13,17,10,4,15,19,1,10
2300,3943,0.632,0.834,0.6183696416251485,0.6652530865950245,13,17,10,4,16,19,1,10
2300,3944,1,1,0.4621760780052796,0.5480757002224417,13,17,10,4,17,19,1,10
2300,3946,0.984,0.6,0.46566483745443854,0.5429008021996017,13,17,10,4,10,20,1,10
2300,3947,0.966,0.556,0.4723974241983351,0.5465787847291852,13,17,10,4,11,20,1,10
2300,3948,0.926,0.5,0.495215054286707,0.5701055793012264,13,17,10,4,12,20,1,10
2300,3949,0.831,0.429,0.5505293726098917,0.6258070718144215,13,17,10,4,13,20,1,10
2300,3950,0.607,0.572,0.6670791561132188,0.7328726537287473,13,17,10,4,14,20,1,10
2300,3951,0.207,0.715,0.8803264913395316,0.8783468159986023,13,17,10,4,15,20,1,10
2300,3952,0.706,0.858,0.6026554879187749,0.6354737782705484,13,17,10,4,16,20,1,10
2300,3953,1,1,0.4534849689632844,0.5283343374960701,13,17,10,4,17,20,1,10
2300,3956,0.971,0.637,0.47164990599389867,0.5481388535092848,13,17,10,4,10,21,1,10
2300,3957,0.943,0.6,0.4845877684579759,0.5568661858056396,13,17,10,4,11,21,1,10
2300,3958,0.886,0.556,0.5178387804665276,0.5870916049626476,13,17,10,4,12,21,1,10
2300,3959,0.764,0.5,0.5836695760786885,0.6499148655790797,13,17,10,4,13,21,1,10
2300,3960,0.517,0.625,0.692768883448132,0.7601477292611679,13,17,10,4,14,21,1,10
2300,3961,0.183,0.75,0.8789686570231258,0.8562607100241799,13,17,10,4,15,21,1,10
2300,3962,0.752,0.875,0.5729873292191842,0.6096089907483171,13,17,10,4,16,21,1,10
2300,3963,1,1,0.4458461390558818,0.5132880493102292,13,17,10,4,17,21,1,10
2300,3967,0.953,0.667,0.4811101609749229,0.5554435455006075,13,17,10,4,10,22,1,10
2300,3968,0.914,0.637,0.4957799276269368,0.5685317254124873,13,17,10,4,11,22,1,10
2300,3969,0.839,0.6,0.5203987159586162,0.6036546798275345,13,17,10,4,12,22,1,10
2300,3970,0.696,0.556,0.5881939154927949,0.6697452381366593,13,17,10,4,13,22,1,10
2300,3971,0.445,0.667,0.7009683988403568,0.7749726592998036,13,17,10,4,14,22,1,10
2300,3972,0.198,0.778,0.8421386566469345,0.8227291161210522,13,17,10,4,15,22,1,10
2300,3973,0.783,0.889,0.5229796805419706,0.5881643539483925,13,17,10,4,16,22,1,10
2300,3974,1,1,0.4149393963934076,0.5015872144304128,13,17,10,4,17,22,1,10
2300,3979,0.931,0.693,0.4934992589001077,0.563738588410489,13,17,10,4,10,23,1,10
2300,3980,0.88,0.667,0.489133421695516,0.5802494034219834,13,17,10,4,11,23,1,10
2300,3981,0.789,0.636,0.5210927422055427,0.6183989120891539,13,17,10,4,12,23,1,10
2300,3982,0.633,0.6,0.5931756517407952,0.6844513089632258,13,17,10,4,13,23,1,10
2300,3983,0.393,0.7,0.7014695426700022,0.7789562869165935,13,17,10,4,14,23,1,10
2300,3984,0.229,0.8,0.7912298688516382,0.7894002218911287,13,17,10,4,15,23,1,10
2300,3985,0.806,0.9,0.4818814828501441,0.5704470788216598,13,17,10,4,16,23,1,10
2300,3986,1,1,0.3797753799100174,0.49221128542543635,13,17,10,4,17,23,1,10
2300,3992,0.905,0.714,0.4853918291824787,0.5722013512498242,13,17,10,4,10,24,1,10
2300,3993,0.842,0.692,0.486101185913556,0.5911540019810646,13,17,10,4,11,24,1,10
2300,3994,0.739,0.667,0.5235620688245715,0.6306484089444635,13,17,10,4,12,24,1,10
2300,3995,0.577,0.637,0.5962344057582893,0.6941320963922282,13,17,10,4,13,24,1,10
2300,3996,0.358,0.727,0.6951128409569353,0.7749679021436682,13,17,10,4,14,24,1,10
2300,3997,0.262,0.819,0.7352938519985059,0.7592619041635386,13,17,10,4,15,24,1,10
2300,3998,0.823,0.91,0.4478886912602885,0.5556649061244892,13,17,10,4,16,24,1,10
2300,3999,1,1,0.3524696533652246,0.48442085519111233,13,17,10,4,17,24,1,10
2300,4006,0.875,0.733,0.4785580974962794,0.5802609194413779,13,17,10,4,10,25,1,10
2300,4007,0.803,0.714,0.4852399204538421,0.6007457097055348,13,17,10,4,11,25,1,10
2300,4008,0.691,0.692,0.5260712834137335,0.6401992498429652,13,17,10,4,12,25,1,10
2300,4009,0.529,0.667,0.596478585623969,0.6993767925338961,13,17,10,4,13,25,1,10
2300,4010,0.337,0.75,0.6835598062423478,0.7659029160667796,13,17,10,4,14,25,1,10
2300,4011,0.292,0.834,0.685323120800851,0.7326803389260941,13,17,10,4,15,25,1,10
2300,4012,0.837,0.917,0.41945466106673956,0.5431520031611984,13,17,10,4,16,25,1,10
2300,4013,1,1,0.33060561092076335,0.47775036291183204,13,17,10,4,17,25,1,10
2300,4021,0.844,0.75,0.4740460819851735,0.587555106642492,13,17,10,4,10,26,1,10
2300,4022,0.764,0.733,0.48538268610842983,0.6087868714072603,13,17,10,4,11,26,1,10
2300,4023,0.647,0.715,0.527623985361646,0.6471338140215144,13,17,10,4,12,26,1,10
2300,4024,0.491,0.693,0.5938049035248323,0.7009740748576376,13,17,10,4,13,26,1,10
2300,4025,0.327,0.769,0.6684241005981953,0.754012487769015,13,17,10,4,14,26,1,10
2300,4026,0.319,0.847,0.6409832045904793,0.7093308972473071,13,17,10,4,15,26,1,10
2300,4027,0.849,0.924,0.3953004028415448,0.5324043149183435,13,17,10,4,16,26,1,10
2300,4028,1,1,0.31264057001010126,0.47192084842767623,13,17,10,4,17,26,1,10
2300,4037,0.812,0.765,0.4710029631986087,0.593880938776085,13,17,10,4,10,27,1,10
2300,4038,0.726,0.75,0.4856971356399833,0.6152173184952241,13,17,10,4,11,27,1,10
2300,4039,0.607,0.734,0.5277808631838037,0.6516935986629784,13,17,10,4,12,27,1,10
2300,4040,0.46,0.715,0.5885991654929947,0.699732579922135,13,17,10,4,13,27,1,10
2300,4041,0.324,0.786,0.6508842883588091,0.7408048693693721,13,17,10,4,14,27,1,10
2300,4042,0.346,0.858,0.6015761678573155,0.6887610747881082,13,17,10,4,15,27,1,10
2300,4043,0.859,0.929,0.37459877542015263,0.5230584523434394,13,17,10,4,16,27,1,10
2300,4044,1,1,0.29757404495483153,0.4667689366364163,13,17,10,4,17,27,1,10
2300,4054,0.78,0.778,0.4687489436764617,0.5991511770391762,13,17,10,4,10,28,1,10
2300,4055,0.69,0.765,0.4856540589710685,0.6200913989709065,13,17,10,4,11,28,1,10
2300,4056,0.572,0.75,0.5264558782769106,0.654195502275318,13,17,10,4,12,28,1,10
2300,4057,0.437,0.734,0.5813672762668195,0.6963843169312967,13,17,10,4,13,28,1,10
2300,4058,0.326,0.8,0.6319812063658026,0.7272113893882366,13,17,10,4,14,28,1,10
2300,4059,0.377,0.867,0.5664615127963823,0.6705539881033185,13,17,10,4,15,28,1,10
2300,4060,0.867,0.934,0.3566578773327693,0.5148582973741267,13,17,10,4,16,28,1,10
2300,4061,1,1,0.2847272478850429,0.46220024244682856,13,17,10,4,17,28,1,10
2300,4072,0.748,0.79,0.4668222967332797,0.6033597464080716,13,17,10,4,10,29,1,10
2300,4073,0.656,0.778,0.48497144685001536,0.6235329806277442,13,17,10,4,11,29,1,10
2300,4074,0.542,0.765,0.5237055015424383,0.6549787803202018,13,17,10,4,12,29,1,10
2300,4075,0.419,0.75,0.572556906277228,0.6915452463401918,13,17,10,4,13,29,1,10
2300,4076,0.33,0.813,0.6125473529064971,0.7137818144463484,13,17,10,4,14,29,1,10
2300,4077,0.404,0.875,0.5351282691706594,0.6543642867485049,13,17,10,4,15,29,1,10
2300,4078,0.874,0.938,0.3406704278125958,0.5076217070062292,13,17,10,4,16,29,1,10
2300,4079,1,1,0.2735467485516617,0.45815456780189356,13,17,10,4,17,29,1,10
2300,4091,0.718,0.8,0.464906163380557,0.6065551507010136,13,17,10,4,10,30,1,10
2300,4092,0.626,0.79,0.48352893244831163,0.6257036013584708,13,17,10,4,11,30,1,10
2300,4093,0.516,0.778,0.5197141988894731,0.6543724803835251,13,17,10,4,12,30,1,10
2300,4094,0.407,0.765,0.5625706042806935,0.6857092066337955,13,17,10,4,13,30,1,10
2300,4095,0.337,0.824,0.5931214072050388,0.7008293157678908,13,17,10,4,14,30,1,10
2300,4096,0.429,0.883,0.5071200569026123,0.6399130574804026,13,17,10,4,15,30,1,10
2300,4097,0.88,0.942,0.32615722211278086,0.501213213327605,13,17,10,4,16,30,1,10
2300,4098,1,1,0.2636369399280998,0.45458404710856015,13,17,10,4,17,30,1,10
2300,4111,0.69,0.81,0.46280646521895974,0.6088200992086739,13,17,10,4,10,31,1,10
2300,4112,0.598,0.8,0.481340908953772,0.6267799703011419,13,17,10,4,11,31,1,10
2300,4113,0.495,0.789,0.514674977612599,0.6526766975834515,13,17,10,4,12,31,1,10
2300,4114,0.399,0.778,0.5518038139874323,0.6792582719190827,13,17,10,4,13,31,1,10
2300,4115,0.344,0.834,0.5740226119666504,0.6885227560192269,13,17,10,4,14,31,1,10
2300,4116,0.451,0.889,0.4820580178424305,0.6269732723852994,13,17,10,4,15,31,1,10
2300,4117,0.886,0.945,0.31324043668923385,0.4955260485770353,13,17,10,4,16,31,1,10
2300,4118,1,1,0.25480877331703156,0.45144464340966306,13,17,10,4,17,31,1,10
2300,4132,0.663,0.819,0.46043172161933377,0.6102560395676526,13,17,10,4,10,32,1,10
2300,4133,0.573,0.81,0.4784478242184551,0.6269385230922934,13,17,10,4,11,32,1,10
2300,4134,0.477,0.8,0.5087763540521066,0.6501533162216515,13,17,10,4,12,32,1,10
2300,4135,0.393,0.79,0.5406175119536041,0.6724796082809545,13,17,10,4,13,32,1,10
2300,4136,0.352,0.842,0.5554743767235755,0.6769428628957166,13,17,10,4,14,32,1,10
2300,4137,0.472,0.895,0.45963610077583894,0.6153568562107194,13,17,10,4,15,32,1,10
2300,4138,0.891,0.948,0.3018105071183994,0.4904722877110489,13,17,10,4,16,32,1,10
2300,4139,1,1,0.24703299752553742,0.4486947055382313,13,17,10,4,17,32,1,10
2300,4154,0.638,0.826,0.45772727751239306,0.6109717550987601,13,17,10,4,10,33,1,10
2300,4155,0.552,0.819,0.47488810903542256,0.6263454215509847,13,17,10,4,11,33,1,10
2300,4156,0.463,0.81,0.5022422814706656,0.6470232343932797,13,17,10,4,12,33,1,10
2300,4157,0.39,0.8,0.5292496061982144,0.6655836172267795,13,17,10,4,13,33,1,10
2300,4158,0.359,0.85,0.5376703092752129,0.6661165588475482,13,17,10,4,14,33,1,10
2300,4159,0.49,0.9,0.4395580642685293,0.6049054558821578,13,17,10,4,15,33,1,10
2300,4160,0.895,0.95,0.2916675416452591,0.4859776749015309,13,17,10,4,16,33,1,10
2300,4161,1,1,0.24032613536487435,0.4462952303364468,13,17,10,4,17,33,1,10
2300,4177,0.615,0.834,0.45469808228885533,0.6110753499455372,13,17,10,4,10,34,1,10
2300,4178,0.533,0.826,0.47077085297601795,0.6251508138229172,13,17,10,4,11,34,1,10
2300,4179,0.451,0.818,0.4952824742154832,0.6434678302926601,13,17,10,4,12,34,1,10
2300,4180,0.389,0.81,0.5179092669923822,0.6587207385210521,13,17,10,4,13,34,1,10
2300,4181,0.366,0.857,0.5207095149623694,0.6560382619115841,13,17,10,4,14,34,1,10
2300,4182,0.507,0.905,0.4215563482575716,0.5954840311919727,13,17,10,4,15,34,1,10
2300,4183,0.899,0.953,0.28265843746794206,0.4819784967280131,13,17,10,4,16,34,1,10
2300,4184,1,1,0.23457759266932665,0.4442100288851969,13,17,10,4,17,34,1,10
2300,4201,0.594,0.84,0.4513401175166869,0.6106690206898571,13,17,10,4,10,35,1,10
2300,4202,0.516,0.834,0.4662273735750484,0.6234862500219758,13,17,10,4,11,35,1,10
2300,4203,0.442,0.826,0.4880707676450057,0.6396328086675593,13,17,10,4,12,35,1,10
2300,4204,0.39,0.818,0.5067380526251472,0.6519957446971035,13,17,10,4,13,35,1,10
2300,4205,0.373,0.864,0.5046507251309793,0.6466831782260201,13,17,10,4,14,35,1,10
2300,4206,0.523,0.909,0.4053376328401792,0.5869762043882301,13,17,10,4,15,35,1,10
2300,4207,0.903,0.955,0.2747216635812926,0.47841937744338514,13,17,10,4,16,35,1,10
2300,4208,1,1,0.2296699912148692,0.4424056711159171,13,17,10,4,17,35,1,10
2300,4229,1,1,0.472822620745148,0.5748899783684738,13,17,10,4,10,13,4,10
2300,4230,1,1,0.47344516412952953,0.5771282878354842,13,17,10,4,11,13,4,10
2300,4231,1,1,0.4764313949777964,0.5909868249240398,13,17,10,4,12,13,4,10
2300,4232,1,0.858,0.4679581147233861,0.5569620279857362,13,17,10,4,10,14,4,10
2300,4233,1,0.834,0.467866815112178,0.556619187114955,13,17,10,4,11,14,4,10
2300,4234,1,0.8,0.47026436514970027,0.5653817917518683,13,17,10,4,12,14,4,10
2300,4235,1,0.75,0.4758311152727519,0.58869806532633,13,17,10,4,13,14,4,10
2300,4236,1,0.715,0.4623587651628981,0.5394988133714125,13,17,10,4,10,15,4,10
2300,4237,1,0.667,0.4619765383112191,0.5386207133533014,13,17,10,4,11,15,4,10
2300,4238,0.999,0.6,0.46468145020787077,0.5472411200305278,13,17,10,4,12,15,4,10
2300,4239,0.996,0.5,0.47039360025172217,0.5657062282736904,13,17,10,4,13,15,4,10
2300,4240,0.971,0.751,0.4789871818728265,0.5928489169207355,13,17,10,4,14,15,4,10
2300,4241,0.999,0.572,0.4571994071568346,0.5250263073235804,13,17,10,4,10,16,4,10
2300,4242,0.996,0.5,0.45787413550251377,0.5261302661491633,13,17,10,4,11,16,4,10
2300,4243,0.989,0.4,0.4635401659294074,0.5379727615080623,13,17,10,4,12,16,4,10
2300,4244,0.965,0.25,0.4770435250128148,0.56182311195107415,13,17,10,4,13,16,4,10
2300,4245,0.867,0.501,0.5107030415216769,0.6094938814204265,13,17,10,4,14,16,4,10
2300,4246,0.538,0.751,0.5764317012513944,0.6754624287789979,13,17,10,4,15,16,4,10
2300,4247,0.991,0.429,0.45587012763823076,0.5185370678641502,13,17,10,4,10,17,4,10
2300,4248,0.981,0.333,0.46171869565039114,0.5261545388379341,13,17,10,4,11,17,4,10
2300,4249,0.953,0.2,0.4786460535495707,0.5488738664953867,13,17,10,4,12,17,4,10
2300,4250,0.882,0,0.5158656402341175,0.5938882152968703,13,17,10,4,13,17,4,10
2300,4251,0.679,0.25,0.6028915883752051,0.6880720602816602,13,17,10,4,14,17,4,10
2300,4252,0.296,0.5,0.7533635353117147,0.8063123837568921,13,17,10,4,15,17,4,10
2300,4253,0.528,0.75,0.591958567999245,0.6769325619094515,13,17,10,4,16,17,4,10
2300,4254,0.97,0.5,0.4642258494870124,0.5259913747153433,13,17,10,4,10,18,4,10
2300,4255,0.94,0.429,0.4820129345478943,0.545601819187681,13,17,10,4,11,18,4,10
2300,4256,0.877,0.334,0.5199849421037872,0.5868985169519548,13,17,10,4,12,18,4,10
2300,4257,0.738,0.2,0.5946776309349884,0.6624660012155343,13,17,10,4,13,18,4,10
2300,4258,0.44,0.4,0.7490827705959577,0.8084510243235347,13,17,10,4,14,18,4,10
2300,4259,0.141,0.6,0.8986246228514518,0.8759794844834217,13,17,10,4,15,18,4,10
2300,4260,0.798,0.8,0.5443273810993311,0.6209003427333567,13,17,10,4,16,18,4,10
2300,4261,1,1,0.4683544883621301,0.5650199618093519,13,17,10,4,17,18,4,10
2300,4262,0.926,0.556,0.46011973921544813,0.5476874058596971,13,17,10,4,10,19,4,10
2300,4263,0.867,0.5,0.4889337939077937,0.5810639960630053,13,17,10,4,11,19,4,10
2300,4264,0.756,0.429,0.5505233004539485,0.6401210166319988,13,17,10,4,12,19,4,10
2300,4265,0.553,0.333,0.6580365938291375,0.737122610305583,13,17,10,4,13,19,4,10
2300,4266,0.221,0.5,0.8502435470488243,0.8894810633917333,13,17,10,4,14,19,4,10
2300,4267,0.373,0.667,0.7838248511207583,0.7871642470394693,13,17,10,4,15,19,4,10
2300,4268,0.895,0.834,0.5048806681785711,0.5648198341044257,13,17,10,4,16,19,4,10
2300,4269,1,1,0.45569993973846623,0.5334477016931584,13,17,10,4,17,19,4,10
2300,4271,0.857,0.6,0.4627539664126292,0.5773510939324225,13,17,10,4,10,20,4,10
2300,4272,0.762,0.556,0.5088176157938892,0.6212023375779956,13,17,10,4,11,20,4,10
2300,4273,0.609,0.5,0.5895374842907339,0.6893212269331701,13,17,10,4,12,20,4,10
2300,4274,0.384,0.429,0.7104110184232524,0.785150644155778,13,17,10,4,13,20,4,10
2300,4275,0.171,0.572,0.8437420491417172,0.8571482838050398,13,17,10,4,14,20,4,10
2300,4276,0.542,0.715,0.6403161992301065,0.7005887330863783,13,17,10,4,15,20,4,10
2300,4277,0.938,0.858,0.4432225092869564,0.5301736911079361,13,17,10,4,16,20,4,10
2300,4278,1,1,0.444996481247412,0.5112803808660562,13,17,10,4,17,20,4,10
2300,4281,0.765,0.637,0.48001895307271736,0.6076641971493424,13,17,10,4,10,21,4,10
2300,4282,0.643,0.6,0.5389083791287737,0.6561148463701072,13,17,10,4,11,21,4,10
2300,4283,0.476,0.556,0.6250279936178873,0.7220600414727297,13,17,10,4,12,21,4,10
2300,4284,0.296,0.5,0.7256234738113713,0.7931230938619918,13,17,10,4,13,21,4,10
2300,4285,0.218,0.625,0.7591854164661518,0.7884045400563435,13,17,10,4,14,21,4,10
2300,4286,0.658,0.75,0.532576619545387,0.6380427939987612,13,17,10,4,15,21,4,10
2300,4287,0.96,0.875,0.38456882218944577,0.5076466177418608,13,17,10,4,16,21,4,10
2300,4288,1,1,0.4010464547537176,0.4969557797518963,13,17,10,4,17,21,4,10
2300,4292,0.666,0.667,0.5025874812151028,0.6334406423470949,13,17,10,4,10,22,4,10
2300,4293,0.534,0.637,0.5648889926480749,0.6804138306656655,13,17,10,4,11,22,4,10
2300,4294,0.387,0.6,0.64057027235088,0.7347373814815551,13,17,10,4,12,22,4,10
2300,4295,0.282,0.556,0.70380208202115635,0.771800826974975,13,17,10,4,13,22,4,10
2300,4296,0.299,0.667,0.6521293546582463,0.7273738236016625,13,17,10,4,14,22,4,10
2300,4297,0.739,0.778,0.4543588508827989,0.5934624069881752,13,17,10,4,15,22,4,10
2300,4298,0.973,0.889,0.34537895620519565,0.49228254347598843,13,17,10,4,16,22,4,10
2300,4299,1,1,0.36379129969633883,0.4863604968825005,13,17,10,4,17,22,4,10
2300,4304,0.575,0.693,0.5218498149384744,0.6520312466119043,13,17,10,4,10,23,4,10
2300,4305,0.453,0.667,0.5786825958864259,0.6927677649128614,13,17,10,4,11,23,4,10
2300,4306,0.346,0.636,0.6352347948853846,0.7306953576261284,13,17,10,4,12,23,4,10
2300,4307,0.3,0.6,0.6602514734767408,0.7389870185196544,13,17,10,4,13,23,4,10
2300,4308,0.409,0.7,0.5637637325785759,0.6780674536391497,13,17,10,4,14,23,4,10
2300,4309,0.798,0.8,0.39745265131353347,0.5610123255274081,13,17,10,4,15,23,4,10
2300,4310,0.982,0.9,0.3174334993352793,0.4809278877028983,13,17,10,4,16,23,4,10
2300,4311,1,1,0.33371657684340583,0.47693745870712634,13,17,10,4,17,23,4,10
2300,4317,0.501,0.714,0.5332029476283091,0.6628255976097002,13,17,10,4,10,24,4,10
2300,4318,0.402,0.692,0.579364842607119,0.6946386756972438,13,17,10,4,11,24,4,10
2300,4319,0.339,0.667,0.614607381831703,0.7161668874635874,13,17,10,4,12,24,4,10
2300,4320,0.321,0.637,0.6077305981986908,0.7048197160884674,13,17,10,4,13,24,4,10
2300,4321,0.503,0.727,0.49314336211295184,0.6385918873533741,13,17,10,4,14,24,4,10
2300,4322,0.841,0.819,0.3553281191174491,0.5365228141385692,13,17,10,4,15,24,4,10
2300,4323,0.987,0.91,0.2955272333169173,0.4717505423078667,13,17,10,4,16,24,4,10
2300,4324,1,1,0.30777125651812653,0.46818146180980025,13,17,10,4,17,24,4,10
2300,4331,0.449,0.733,0.5357735600787878,0.6665718996861282,13,17,10,4,10,25,4,10
2300,4332,0.378,0.714,0.5692805081554545,0.6887790420036299,13,17,10,4,11,25,4,10
2300,4333,0.346,0.692,0.5850480455443593,0.696549832778673,13,17,10,4,12,25,4,10
2300,4334,0.35,0.667,0.5536903008258792,0.6730312814447932,13,17,10,4,13,25,4,10
2300,4335,0.58,0.75,0.4361843226698855,0.6066317539086414,13,17,10,4,14,25,4,10
2300,4336,0.874,0.834,0.3223809342514533,0.5173449559150014,13,17,10,4,15,25,4,10
2300,4337,0.99,0.917,0.2771172984958342,0.4639006469533017,13,17,10,4,16,25,4,10
2300,4338,1,1,0.2850710153704238,0.4602087856427195,13,17,10,4,17,25,4,10
2300,4346,0.416,0.75,0.5307193513952773,0.6646929454513344,13,17,10,4,10,26,4,10
2300,4347,0.372,0.733,0.5518063546747061,0.677972285007804,13,17,10,4,11,26,4,10
2300,4348,0.357,0.715,0.5508953792414539,0.6752484876583531,13,17,10,4,12,26,4,10
2300,4349,0.389,0.693,0.5024792962283424,0.644589785913592,13,17,10,4,13,26,4,10
2300,4350,0.644,0.769,0.39015432806445793,0.5803632352330244,13,17,10,4,14,26,4,10
2300,4351,0.898,0.847,0.295838095396055,0.501884490643586,13,17,10,4,15,26,4,10
2300,4352,0.993,0.924,0.26111609721386664,0.45705627396017956,13,17,10,4,16,26,4,10
2300,4353,1,1,0.2657314631969908,0.45323956774889596,13,17,10,4,17,26,4,10
2300,4362,0.4,0.765,0.5198966273912395,0.658750103553538,13,17,10,4,10,27,4,10
2300,4363,0.376,0.75,0.5296210845725168,0.6644222518203289,13,17,10,4,11,27,4,10
2300,4364,0.37,0.734,0.5152161448154158,0.6541037928303566,13,17,10,4,12,27,4,10
2300,4365,0.433,0.715,0.45615612398079686,0.6195166364667088,13,17,10,4,13,27,4,10
2300,4366,0.697,0.786,0.35283170022208443,0.5585174028287085,13,17,10,4,14,27,4,10
2300,4367,0.917,0.858,0.2745428163422591,0.48922824528002495,13,17,10,4,15,27,4,10
2300,4368,0.994,0.929,0.2475025228781348,0.45118612060095187,13,17,10,4,16,27,4,10
2300,4369,1,1,0.2497113242618989,0.4475062476012278,13,17,10,4,17,27,4,10
2300,4379,0.395,0.778,0.5050209276862079,0.6501385799992947,13,17,10,4,10,28,4,10
2300,4380,0.382,0.765,0.504914084422052,0.6496704846666397,13,17,10,4,11,28,4,10
2300,4381,0.386,0.75,0.48010904541815436,0.634044377247942,13,17,10,4,12,28,4,10
2300,4382,0.481,0.734,0.4155195979843038,0.5975759581108981,13,17,10,4,13,28,4,10
2300,4383,0.74,0.8,0.32265270249795575,0.5402470496944829,13,17,10,4,14,28,4,10
2300,4384,0.932,0.867,0.25761025452706576,0.47884829998536094,13,17,10,4,15,28,4,10
2300,4385,0.996,0.934,0.2362120192607432,0.446327216988858,13,17,10,4,16,28,4,10
2300,4386,1,1,0.2367022254713378,0.4430764894154138,13,17,10,4,17,28,4,10
2300,4397,0.396,0.79,0.48757419345658326,0.6399727029564988,13,17,10,4,10,29,4,10
2300,4398,0.389,0.778,0.4792577613430873,0.6347247461073473,13,17,10,4,11,29,4,10
2300,4399,0.407,0.765,0.44686687004073355,0.6155110191459079,13,17,10,4,12,29,4,10
2300,4400,0.528,0.75,0.380664340327894,0.5784825127084801,13,17,10,4,13,29,4,10
2300,4401,0.777,0.813,0.2982743361197251,0.5249556125293291,13,17,10,4,14,29,4,10
2300,4402,0.944,0.875,0.24405702330508172,0.4703851587132243,13,17,10,4,15,29,4,10
2300,4403,0.996,0.938,0.22698449558349332,0.44246249541095795,13,17,10,4,16,29,4,10
2300,4404,1,1,0.2267586894816177,0.439861716492855,13,17,10,4,17,29,4,10
2300,4416,0.4,0.8,0.46872106903828925,0.6290787502676092,13,17,10,4,10,30,4,10
2300,4417,0.398,0.79,0.45384650514823655,0.6202105382787925,13,17,10,4,11,30,4,10
2300,4418,0.433,0.778,0.4163325559464258,0.5986788767253268,13,17,10,4,12,30,4,10
2300,4419,0.572,0.765,0.3511102056172827,0.5619492932926649,13,17,10,4,13,30,4,10
2300,4420,0.807,0.824,0.2785044346236877,0.5121846436116968,13,17,10,4,14,30,4,10
2300,4421,0.953,0.883,0.2333276295562947,0.4635545735766483,13,17,10,4,15,30,4,10
2300,4422,0.997,0.942,0.21985959276503675,0.43952488338027806,13,17,10,4,16,30,4,10
2300,4423,1,1,0.21946236057619528,0.43771042656225057,13,17,10,4,17,30,4,10
2300,4436,0.405,0.81,0.4494066971191133,0.6180362419641342,13,17,10,4,10,31,4,10
2300,4437,0.409,0.8,0.4295099462474882,0.6064943568731032,13,17,10,4,11,31,4,10
2300,4438,0.461,0.789,0.3888286240819935,0.5835757383894843,13,17,10,4,12,31,4,10
2300,4439,0.614,0.778,0.32617887528171463,0.5477008639440255,13,17,10,4,13,31,4,10
2300,4440,0.833,0.834,0.26261569802503015,0.5015600545225193,13,17,10,4,14,31,4,10
2300,4441,0.96,0.889,0.22508206922991503,0.45811607140445554,13,17,10,4,15,31,4,10
2300,4442,0.998,0.945,0.21446907864121567,0.4374196855912874,13,17,10,4,16,31,4,10
2300,4443,1,1,0.21442940142520028,0.4364563909264755,13,17,10,4,17,31,4,10
2300,4457,0.41,0.819,0.4303624666372011,0.6072336195621676,13,17,10,4,10,32,4,10
2300,4458,0.423,0.81,0.4066265311996141,0.5937730280526672,13,17,10,4,11,32,4,10
2300,4459,0.491,0.8,0.36430752433323055,0.5701470842756619,13,17,10,4,12,32,4,10
2300,4460,0.652,0.79,0.3054592578699665,0.5354768350056727,13,17,10,4,13,32,4,10
2300,4461,0.854,0.842,0.2500572386567085,0.49276410919439384,13,17,10,4,14,32,4,10
2300,4462,0.966,0.895,0.21881419294813342,0.4538588339324092,13,17,10,4,15,32,4,10
2300,4463,0.998,0.948,0.21062333288541568,0.43603849305401654,13,17,10,4,16,32,4,10
2300,4464,1,1,0.21118087566436772,0.43593499541289815,13,17,10,4,17,32,4,10
2300,4479,0.416,0.826,0.411923842819246,0.596918880711228,13,17,10,4,10,33,4,10
2300,4480,0.439,0.819,0.3854349888624612,0.5821327997655115,13,17,10,4,11,33,4,10
2300,4481,0.522,0.81,0.3429516866258322,0.5582913969200383,13,17,10,4,12,33,4,10
2300,4482,0.687,0.8,0.288431513335647,0.5250320407749037,13,17,10,4,13,33,4,10
2300,4483,0.873,0.85,0.24019073591600548,0.48552031971984344,13,17,10,4,14,33,4,10
2300,4484,0.971,0.9,0.2142863096605887,0.45059471874673573,13,17,10,4,15,33,4,10
2300,4485,0.998,0.95,0.20811939546158553,0.4352679151522053,13,17,10,4,16,33,4,10
2300,4486,1,1,0.20925247192168317,0.4359919764543546,13,17,10,4,17,33,4,10
2300,4502,0.424,0.834,0.394419311261183,0.5872386165976047,13,17,10,4,10,34,4,10
2300,4503,0.458,0.826,0.36627467291163207,0.5715871696853745,13,17,10,4,11,34,4,10
2300,4504,0.552,0.818,0.3245909035560478,0.5478806221797119,13,17,10,4,12,34,4,10
2300,4505,0.718,0.81,0.274480549493758,0.5161371458220494,13,17,10,4,13,34,4,10
2300,4506,0.888,0.857,0.23257595977769818,0.4795859212177226,13,17,10,4,14,34,4,10
2300,4507,0.975,0.905,0.21125118571434232,0.4481560979774981,13,17,10,4,15,34,4,10
2300,4508,0.999,0.953,0.20657481532166588,0.43499817277742936,13,17,10,4,16,34,4,10
2300,4509,1,1,0.20833714819876914,0.43649133707249876,13,17,10,4,17,34,4,10
2300,4526,0.434,0.84,0.3781668483914771,0.5782667802489933,13,17,10,4,10,35,4,10
2300,4527,0.479,0.834,0.3491622722440392,0.5621020962975628,13,17,10,4,11,35,4,10
2300,4528,0.582,0.826,0.3088980478269493,0.5387738561210389,13,17,10,4,12,35,4,10
2300,4529,0.745,0.818,0.26320155457033767,0.5085807182293165,13,17,10,4,13,35,4,10
2300,4530,0.901,0.864,0.22691221609818835,0.4747491054749532,13,17,10,4,14,35,4,10
2300,4531,0.979,0.909,0.2093063171608851,0.44639662006760106,13,17,10,4,15,35,4,10
2300,4532,0.999,0.955,0.20574306182615287,0.43513004144451306,13,17,10,4,16,35,4,10
2300,4533,1,1,0.208008980838564,0.43731889599415796,13,17,10,4,17,35,4,10
2300,4554,1,1,0.47143431869963004,0.569227783524636,13,17,10,4,10,13,7,10
2300,4555,1,1,0.47273284444821273,0.5742501227144701,13,17,10,4,11,13,7,10
2300,4556,1,1,0.47617516341351207,0.5896830707124422,13,17,10,4,12,13,7,10
2300,4557,1,0.858,0.4652869268435511,0.5482277272444933,13,17,10,4,10,14,7,10
2300,4558,1,0.834,0.4665118376311662,0.5524241721520203,13,17,10,4,11,14,7,10
2300,4559,1,0.8,0.4701154557790549,0.5650958245774327,13,17,10,4,12,14,7,10
2300,4560,1,0.75,0.4758044249763398,0.5887204643804071,13,17,10,4,13,14,7,10
2300,4561,1,0.715,0.4588204545586029,0.5297118232668283,13,17,10,4,10,15,7,10
2300,4562,0.999,0.667,0.4604770401071975,0.534729384026201,13,17,10,4,11,15,7,10
2300,4563,0.998,0.6,0.4649469280375703,0.548085378694694,13,17,10,4,12,15,7,10
2300,4564,0.992,0.5,0.47110558191445573,0.5669513442966714,13,17,10,4,13,15,7,10
2300,4565,0.958,0.751,0.4808337054311531,0.5956966684989942,13,17,10,4,14,15,7,10
2300,4566,0.995,0.572,0.45510566494305793,0.5182034117350156,13,17,10,4,10,16,7,10
2300,4567,0.989,0.5,0.4601019663533692,0.5275123036434701,13,17,10,4,11,16,7,10
2300,4568,0.972,0.4,0.4709228218822248,0.5461514097997247,13,17,10,4,12,16,7,10
2300,4569,0.927,0.25,0.49210013534398345,0.5774449047312293,13,17,10,4,13,16,7,10
2300,4570,0.781,0.501,0.5383328190036254,0.6354662402810312,13,17,10,4,14,16,7,10
2300,4571,0.471,0.751,0.5957290744669972,0.687042225537309,13,17,10,4,15,16,7,10
2300,4572,0.97,0.429,0.46452642926442433,0.5245305450149458,13,17,10,4,10,17,7,10
2300,4573,0.942,0.333,0.48244182882316444,0.546279431000108,13,17,10,4,11,17,7,10
2300,4574,0.882,0.2,0.5157255554774944,0.5848051578109,13,17,10,4,12,17,7,10
2300,4575,0.753,0,0.5784639540735593,0.6527549766066796,13,17,10,4,13,17,7,10
2300,4576,0.464,0.25,0.7063550358339656,0.7737219083587117,13,17,10,4,14,17,7,10
2300,4577,0.252,0.5,0.7925399299393336,0.8252966551399731,13,17,10,4,15,17,7,10
2300,4578,0.651,0.75,0.5584714621112279,0.6570864713961686,13,17,10,4,16,17,7,10
2300,4579,0.903,0.5,0.4756509646831898,0.5592287709629982,13,17,10,4,10,18,7,10
2300,4580,0.831,0.429,0.5197317494694607,0.6015884228198455,13,17,10,4,11,18,7,10
2300,4581,0.704,0.334,0.5920116221906374,0.6698023497930805,13,17,10,4,12,18,7,10
2300,4582,0.478,0.2,0.720971243884418,0.7822960192805373,13,17,10,4,13,18,7,10
2300,4583,0.111,0.4,0.9361873835052396,0.9488323345442681,13,17,10,4,14,18,7,10
2300,4584,0.444,0.6,0.7420374722852789,0.7715735484318935,13,17,10,4,15,18,7,10
2300,4585,0.911,0.8,0.49644898818064886,0.5759725204701682,13,17,10,4,16,18,7,10
2300,4586,1,1,0.4683993423456859,0.5656987873285875,13,17,10,4,17,18,7,10
2300,4587,0.779,0.556,0.5011844403709582,0.6139943039772628,13,17,10,4,10,19,7,10
2300,4588,0.654,0.5,0.5708441126474221,0.6733622279174709,13,17,10,4,11,19,7,10
2300,4589,0.466,0.429,0.6764984540233068,0.7578738502097305,13,17,10,4,12,19,7,10
2300,4590,0.225,0.333,0.8215410319125542,0.8646015337546916,13,17,10,4,13,19,7,10
2300,4591,0.229,0.5,0.8220222976488861,0.837952820328655,13,17,10,4,14,19,7,10
2300,4592,0.697,0.667,0.5915702096293263,0.6504886522973043,13,17,10,4,15,19,7,10
2300,4593,0.971,0.834,0.4625226081381636,0.5290370302948708,13,17,10,4,16,19,7,10
2300,4594,1,1,0.45519761489114885,0.5320604691216729,13,17,10,4,17,19,7,10
2300,4596,0.615,0.6,0.5520938863174475,0.6675664207181051,13,17,10,4,10,20,7,10
2300,4597,0.462,0.556,0.6349095486690117,0.7290461262989938,13,17,10,4,11,20,7,10
2300,4598,0.3,0.5,0.7307261315015225,0.7963237791817882,13,17,10,4,12,20,7,10
2300,4599,0.212,0.429,0.7890348781882046,0.8187740348042765,13,17,10,4,13,20,7,10
2300,4600,0.466,0.572,0.6405404052890151,0.7193415022208284,13,17,10,4,14,20,7,10
2300,4601,0.832,0.715,0.4649478144654333,0.5760907538743905,13,17,10,4,15,20,7,10
2300,4602,0.989,0.858,0.40759418509447454,0.5043427003826026,13,17,10,4,16,20,7,10
2300,4603,1,1,0.4457452976066739,0.5115248594721162,13,17,10,4,17,20,7,10
2300,4606,0.466,0.637,0.5965371170044491,0.703341654453167,13,17,10,4,10,21,7,10
2300,4607,0.347,0.6,0.6642794076359159,0.7495627938567455,13,17,10,4,11,21,7,10
2300,4608,0.277,0.556,0.711942483156413,0.7753798138743357,13,17,10,4,12,21,7,10
2300,4609,0.288,0.5,0.6728306536443747,0.7401188415810865,13,17,10,4,13,21,7,10
2300,4610,0.633,0.625,0.5092930425823221,0.638492830929019,13,17,10,4,14,21,7,10
2300,4611,0.904,0.75,0.385878988762263,0.5321731227127389,13,17,10,4,15,21,7,10
2300,4612,0.995,0.875,0.36336642707723177,0.48969668427703905,13,17,10,4,16,21,7,10
2300,4613,1,1,0.4146634953033289,0.49901632236908877,13,17,10,4,17,21,7,10
2300,4617,0.379,0.667,0.6129036659348863,0.7154084609819338,13,17,10,4,10,22,7,10
2300,4618,0.32,0.637,0.6501451627763164,0.7377299886177311,13,17,10,4,11,22,7,10
2300,4619,0.302,0.6,0.6474779191052324,0.7291206671442384,13,17,10,4,12,22,7,10
2300,4620,0.426,0.556,0.5557702622244847,0.6735921669644868,13,17,10,4,13,22,7,10
2300,4621,0.749,0.667,0.4199392757550513,0.5839558876378597,13,17,10,4,14,22,7,10
2300,4622,0.944,0.778,0.33846015338703017,0.505373226511142,13,17,10,4,15,22,7,10
2300,4623,0.998,0.889,0.33464453404276717,0.47966436311045946,13,17,10,4,16,22,7,10
2300,4624,1,1,0.3733099649720293,0.48684558819893653,13,17,10,4,17,22,7,10
2300,4629,0.352,0.693,0.6013622032561698,0.7077348961862454,13,17,10,4,10,23,7,10
2300,4630,0.332,0.667,0.6082637282289546,0.7089667726179936,13,17,10,4,11,23,7,10
2300,4631,0.352,0.636,0.5686007547220235,0.6814801020019192,13,17,10,4,12,23,7,10
2300,4632,0.559,0.6,0.4645987229491917,0.6221508024997273,13,17,10,4,13,23,7,10
2300,4633,0.827,0.7,0.35976744284221507,0.546218599486731,13,17,10,4,14,23,7,10
2300,4634,0.966,0.8,0.3070496458258959,0.48737983520746353,13,17,10,4,15,23,7,10
2300,4635,0.999,0.9,0.31039484382239535,0.4706075981285265,13,17,10,4,16,23,7,10
2300,4636,1,1,0.3344289856227487,0.4745062607622592,13,17,10,4,17,23,7,10
2300,4642,0.356,0.714,0.5714614487263021,0.6884297555521749,13,17,10,4,10,24,7,10
2300,4643,0.353,0.692,0.5538186799791016,0.6754472242316834,13,17,10,4,11,24,7,10
2300,4644,0.43,0.667,0.4929173388005331,0.6394812008879105,13,17,10,4,12,24,7,10
2300,4645,0.665,0.637,0.3959816753916511,0.5825077507797116,13,17,10,4,13,24,7,10
2300,4646,0.88,0.727,0.31718432709544453,0.51883800889823,13,17,10,4,14,24,7,10
2300,4647,0.979,0.819,0.28332056676515616,0.47388012045512107,13,17,10,4,15,24,7,10
2300,4648,0.999,0.91,0.2877305855146619,0.4618856802991925,13,17,10,4,16,24,7,10
2300,4649,1,1,0.3007682287058909,0.46349343274296284,13,17,10,4,17,24,7,10
2300,4656,0.367,0.733,0.5315918434104339,0.6641913942047281,13,17,10,4,10,25,7,10
2300,4657,0.391,0.714,0.49671978721184373,0.6428164148786748,13,17,10,4,11,25,7,10
2300,4658,0.518,0.692,0.4278118999126004,0.6039234394547556,13,17,10,4,12,25,7,10
2300,4659,0.746,0.667,0.3444112695287085,0.551427674592991,13,17,10,4,13,25,7,10
2300,4660,0.916,0.75,0.2855718717339728,0.4980549641531574,13,17,10,4,14,25,7,10
2300,4661,0.987,0.834,0.2637199522386757,0.4630175281077743,13,17,10,4,15,25,7,10
2300,4662,1,0.917,0.2668622616276952,0.45385066764817406,13,17,10,4,16,25,7,10
2300,4663,1,1,0.2733382318996155,0.4543114488811467,13,17,10,4,17,25,7,10
2300,4671,0.385,0.75,0.4879232345091894,0.6389402796966108,13,17,10,4,10,26,7,10
2300,4672,0.444,0.733,0.4427873426060931,0.613061435377619,13,17,10,4,11,26,7,10
2300,4673,0.602,0.715,0.37449535291124236,0.5740954458322576,13,17,10,4,12,26,7,10
2300,4674,0.807,0.693,0.305595234691994,0.5266619591653068,13,17,10,4,13,26,7,10
2300,4675,0.94,0.769,0.2618105792199964,0.4818539064056663,13,17,10,4,14,26,7,10
2300,4676,0.991,0.847,0.2472852798786982,0.4541905630008932,13,17,10,4,15,26,7,10
2300,4677,1,0.924,0.24881469525717215,0.447124296856268,13,17,10,4,16,26,7,10
2300,4678,1,1,0.2521365572098454,0.447504732897261,13,17,10,4,17,26,7,10
2300,4687,0.416,0.765,0.44459236250377887,0.6146580487251457,13,17,10,4,10,27,7,10
2300,4688,0.506,0.75,0.39491940168484607,0.5867318620644253,13,17,10,4,11,27,7,10
2300,4689,0.675,0.734,0.33205430845141337,0.5492011742662392,13,17,10,4,12,27,7,10
2300,4690,0.853,0.715,0.27634060607641253,0.5068584581095938,13,17,10,4,13,27,7,10
2300,4691,0.957,0.786,0.24390965664947128,0.4692612637119171,13,17,10,4,14,27,7,10
2300,4692,0.994,0.858,0.23397384058839454,0.447365104936435,13,17,10,4,15,27,7,10
2300,4693,1,0.929,0.23434718382661401,0.44221529770891876,13,17,10,4,16,27,7,10
2300,4694,1,1,0.2367511251407829,0.44329214675810247,13,17,10,4,17,27,7,10
2300,4704,0.456,0.778,0.4042133142452048,0.5923041921793168,13,17,10,4,10,28,7,10
2300,4705,0.569,0.765,0.3543306750888584,0.5638943506751051,13,17,10,4,11,28,7,10
2300,4706,0.737,0.75,0.2989229387224527,0.5286190304092391,13,17,10,4,12,28,7,10
2300,4707,0.888,0.734,0.25446203249519106,0.49117231904639036,13,17,10,4,13,28,7,10
2300,4708,0.969,0.8,0.23043728211824344,0.45970870967011046,13,17,10,4,14,28,7,10
2300,4709,0.996,0.867,0.22368284795499926,0.44248522827965586,13,17,10,4,15,28,7,10
2300,4710,1,0.934,0.22393505000928582,0.43917673824797276,13,17,10,4,16,28,7,10
2300,4711,1,1,0.22688939080806603,0.44136288159355874,13,17,10,4,17,28,7,10
2300,4722,0.503,0.79,0.3682618401690697,0.5723062129644267,13,17,10,4,10,29,7,10
2300,4723,0.629,0.778,0.3208679977496788,0.5444166038429833,13,17,10,4,11,29,7,10
2300,4724,0.787,0.765,0.2732485433438321,0.511818650873194,13,17,10,4,12,29,7,10
2300,4725,0.913,0.75,0.23821097859065266,0.47895296208279114,13,17,10,4,13,29,7,10
2300,4726,0.977,0.813,0.2207880273901337,0.45272371550978263,13,17,10,4,14,29,7,10
2300,4727,0.997,0.875,0.21630411714084097,0.43936353209483037,13,17,10,4,15,29,7,10
2300,4728,1,0.938,0.21721950668276235,0.437808382773226,13,17,10,4,16,29,7,10
2300,4729,1,1,0.22166166902676654,0.44127108450716157,13,17,10,4,17,29,7,10
2300,4741,0.552,0.8,0.33716895276109604,0.554794003394983,13,17,10,4,10,30,7,10
2300,4742,0.684,0.79,0.29379777097038573,0.5280594776563211,13,17,10,4,11,30,7,10
2300,4743,0.828,0.778,0.2538841624204742,0.49830715569976225,13,17,10,4,12,30,7,10
2300,4744,0.933,0.765,0.22663628218530552,0.4696398159759104,13,17,10,4,13,30,7,10
2300,4745,0.983,0.824,0.2141846464233368,0.44787891652723955,13,17,10,4,14,30,7,10
2300,4746,0.998,0.883,0.21154100414820753,0.4377536241554142,13,17,10,4,15,30,7,10
2300,4747,1,0.942,0.21364269462815044,0.43783417047761075,13,17,10,4,16,30,7,10
2300,4748,1,1,0.22016834912555594,0.4425839390311226,13,17,10,4,17,30,7,10
2300,4761,0.601,0.81,0.3111509991498085,0.539722929664011,13,17,10,4,10,31,7,10
2300,4762,0.732,0.8,0.2726165244410178,0.5145217815563385,13,17,10,4,11,31,7,10
2300,4763,0.86,0.789,0.23962930492341772,0.48761450959687347,13,17,10,4,12,31,7,10
2300,4764,0.948,0.778,0.21869245099182422,0.46273321001357515,13,17,10,4,13,31,7,10
2300,4765,0.988,0.834,0.21009527102912773,0.44478558558957493,13,17,10,4,14,31,7,10
2300,4766,0.999,0.889,0.20907614249108608,0.43738733141434916,13,17,10,4,15,31,7,10
2300,4767,1,0.945,0.21267119682184166,0.4389477683947537,13,17,10,4,16,31,7,10
2300,4768,1,1,0.22141928741151917,0.44486709532411606,13,17,10,4,17,31,7,10
2300,4782,0.647,0.819,0.28993896180408874,0.5269397370124218,13,17,10,4,10,32,7,10
2300,4783,0.773,0.81,0.2563521367037853,0.5034671306218885,13,17,10,4,11,32,7,10
2300,4784,0.887,0.8,0.22948623346897945,0.47929421867337707,13,17,10,4,12,32,7,10
2300,4785,0.959,0.79,0.2137657979062444,0.4577847097415697,13,17,10,4,13,32,7,10
2300,4786,0.991,0.842,0.2079386439718467,0.44308794712716615,13,17,10,4,14,32,7,10
2300,4787,0.999,0.895,0.20841640193867217,0.4379885114727531,13,17,10,4,15,32,7,10
2300,4788,1,0.948,0.21349558483397368,0.44083704279493974,13,17,10,4,16,32,7,10
2300,4789,1,1,0.2238374796639525,0.4477196955224041,13,17,10,4,17,32,7,10
2300,4804,0.69,0.826,0.2729981849007227,0.5162251573303815,13,17,10,4,10,33,7,10
2300,4805,0.808,0.819,0.24425539663095341,0.49454738104081275,13,17,10,4,11,33,7,10
2300,4806,0.908,0.81,0.2227465589833122,0.4729324654899214,13,17,10,4,12,33,7,10
2300,4807,0.968,0.8,0.21094645298585757,0.45439878043910453,13,17,10,4,13,33,7,10
2300,4808,0.993,0.85,0.20716709638676523,0.44247062855553154,13,17,10,4,14,33,7,10
2300,4809,0.999,0.9,0.2089444346735746,0.43930073681492776,13,17,10,4,15,33,7,10
2300,4810,1,0.95,0.21527526054021884,0.4432229309847946,13,17,10,4,16,33,7,10
2300,4811,1,1,0.2272067079788339,0.450810383640149,13,17,10,4,17,33,7,10
2300,4827,0.729,0.834,0.25985504165011664,0.50732817994691215,13,17,10,4,10,34,7,10
2300,4828,0.838,0.826,0.2356156917236809,0.4874258812415714,13,17,10,4,11,34,7,10
2300,4829,0.925,0.818,0.21836067774628154,0.46816093946252024,13,17,10,4,12,34,7,10
2300,4830,0.974,0.81,0.20948715724391176,0.4522384325380596,13,17,10,4,13,34,7,10
2300,4831,0.995,0.857,0.2072788063134896,0.44266555542264885,13,17,10,4,14,34,7,10
2300,4832,1,0.905,0.21022854940862368,0.4411003008981004,13,17,10,4,15,34,7,10
2300,4833,1,0.953,0.2180323072348498,0.44586752912052785,13,17,10,4,16,34,7,10
2300,4834,1,1,0.23123764192281449,0.4538736128888571,13,17,10,4,17,34,7,10
2300,4851,0.764,0.84,0.24992198828070022,0.49999468822871707,13,17,10,4,10,35,7,10
2300,4852,0.863,0.834,0.22946954238904815,0.4817964104097544,13,17,10,4,11,35,7,10
2300,4853,0.938,0.826,0.21560884355917964,0.4646651375063743,13,17,10,4,12,35,7,10
2300,4854,0.98,0.818,0.20885504264613797,0.4510257175037192,13,17,10,4,13,35,7,10
2300,4855,0.996,0.864,0.20812942413308533,0.443451948571822,13,17,10,4,14,35,7,10
2300,4856,1,0.909,0.21250842440061268,0.44320010144842104,13,17,10,4,15,35,7,10
2300,4857,1,0.955,0.22145404506909472,0.448578247292859,13,17,10,4,16,35,7,10
2300,4858,1,1,0.2351816891422407,0.456715129558669,13,17,10,4,17,35,7,10
2300,4879,1,1,0.47085717056118126,0.566971290500542,13,17,10,4,10,13,10,10
2300,4880,1,1,0.47284635828690347,0.5748087450216726,13,17,10,4,11,13,10,10
2300,4881,1,1,0.4762153525493644,0.5898960448495748,13,17,10,4,12,13,10,10
2300,4882,1,0.858,0.46432910342704414,0.545392886636492,13,17,10,4,10,14,10,10
2300,4883,1,0.834,0.46642415607070364,0.5523576337502158,13,17,10,4,11,14,10,10
2300,4884,1,0.8,0.47076804174312337,0.5676469215869551,13,17,10,4,12,14,10,10
2300,4885,1,0.75,0.475983665739948,0.5896896097283183,13,17,10,4,13,14,10,10
2300,4886,0.999,0.715,0.4580461200336833,0.52792440919255,13,17,10,4,10,15,10,10
2300,4887,0.998,0.667,0.4611273425436846,0.5367375756122681,13,17,10,4,11,15,10,10
2300,4888,0.996,0.6,0.4661122407270887,0.5513628813473188,13,17,10,4,12,15,10,10
2300,4889,0.987,0.5,0.472700712276218,0.5710585242630941,13,17,10,4,13,15,10,10
2300,4890,0.946,0.751,0.4829358422967335,0.5993174938464518,13,17,10,4,14,15,10,10
2300,4891,0.988,0.572,0.45810286267683964,0.5217603442412273,13,17,10,4,10,16,10,10
2300,4892,0.976,0.5,0.4667906012405494,0.5363176213023109,13,17,10,4,11,16,10,10
2300,4893,0.949,0.4,0.4821871608677203,0.5593385713251611,13,17,10,4,12,16,10,10
2300,4894,0.881,0.25,0.5096521296930214,0.5969236218007596,13,17,10,4,13,16,10,10
2300,4895,0.695,0.501,0.5650521103666342,0.6585903512896294,13,17,10,4,14,16,10,10
2300,4896,0.438,0.751,0.6041159307618287,0.6918412027625003,13,17,10,4,15,16,10,10
2300,4897,0.933,0.429,0.4855511955935311,0.5458598920986812,13,17,10,4,10,17,10,10
2300,4898,0.883,0.333,0.5148982506407822,0.5788733235932526,13,17,10,4,11,17,10,10
2300,4899,0.788,0.2,0.5639552355315091,0.6314876083188766,13,17,10,4,12,17,10,10
2300,4900,0.606,0,0.6512793992907315,0.718999751017778,13,17,10,4,13,17,10,10
2300,4901,0.279,0.25,0.7947358892800644,0.8393774961761904,13,17,10,4,14,17,10,10
2300,4902,0.276,0.5,0.7704756571697265,0.8049755394033962,13,17,10,4,15,17,10,10
2300,4903,0.739,0.75,0.5345712216480277,0.640956130804659,13,17,10,4,16,17,10,10
2300,4904,0.798,0.5,0.5191455498592945,0.613552532127396,13,17,10,4,10,18,10,10
2300,4905,0.682,0.429,0.5868866628780092,0.6742370925308138,13,17,10,4,11,18,10,10
2300,4906,0.499,0.334,0.6941269329286613,0.7648006553128465,13,17,10,4,12,18,10,10
2300,4907,0.221,0.2,0.863622969767676,0.899404224753124,13,17,10,4,13,18,10,10
2300,4908,0.193,0.4,0.892481113344963,0.8889328351760185,13,17,10,4,14,18,10,10
2300,4909,0.654,0.6,0.6304269963373611,0.685041482366052,13,17,10,4,15,18,10,10
2300,4910,0.961,0.8,0.47488642222396793,0.5557179509550615,13,17,10,4,16,18,10,10
2300,4911,1,1,0.4691309778999836,0.5680959598386957,13,17,10,4,17,18,10,10
2300,4912,0.578,0.556,0.5948632602694992,0.6969816779366311,13,17,10,4,10,19,10,10
2300,4913,0.412,0.5,0.6906613019784765,0.7689311344257381,13,17,10,4,11,19,10,10
2300,4914,0.232,0.429,0.8035281057290119,0.8479980346995892,13,17,10,4,12,19,10,10
2300,4915,0.156,0.333,0.8400793261128277,0.8493168483887883,13,17,10,4,13,19,10,10
2300,4916,0.538,0.5,0.6534896469634328,0.7169863550914897,13,17,10,4,14,19,10,10
2300,4917,0.862,0.667,0.5038464925015744,0.5763745618094309,13,17,10,4,15,19,10,10
2300,4918,0.993,0.834,0.4513768273691803,0.5205731147886357,13,17,10,4,16,19,10,10
2300,4919,1,1,0.4562318706818991,0.5339226990114394,13,17,10,4,17,19,10,10
2300,4921,0.378,0.6,0.665617300203976,0.7504997203967096,13,17,10,4,10,20,10,10
2300,4922,0.276,0.556,0.7334704875093119,0.7941260930290013,13,17,10,4,11,20,10,10
2300,4923,0.234,0.5,0.753757966358375,0.7952798859425139,13,17,10,4,12,20,10,10
2300,4924,0.419,0.429,0.6399262867777958,0.722876381088044,13,17,10,4,13,20,10,10
2300,4925,0.746,0.572,0.4898944052162504,0.6112086609888228,13,17,10,4,14,20,10,10
2300,4926,0.945,0.715,0.4043613286521919,0.5235067122755375,13,17,10,4,15,20,10,10
2300,4927,0.998,0.858,0.41241122769411676,0.501314478936052,13,17,10,4,16,20,10,10
2300,4928,1,1,0.44861287191829924,0.5162921297429842,13,17,10,4,17,20,10,10
2300,4931,0.312,0.637,0.672721113423393,0.7523629821693022,13,17,10,4,10,21,10,10
2300,4932,0.287,0.6,0.6824791145491207,0.752374861186863,13,17,10,4,11,21,10,10
2300,4933,0.345,0.556,0.6215628512393564,0.7111750026589734,13,17,10,4,12,21,10,10
2300,4934,0.625,0.5,0.4944005002641636,0.6339718005629105,13,17,10,4,13,21,10,10
2300,4935,0.862,0.625,0.3915441413627524,0.5498951716213394,13,17,10,4,14,21,10,10
2300,4936,0.977,0.75,0.3528014258751727,0.49701913785598595,13,17,10,4,15,21,10,10
2300,4937,1,0.875,0.3776699543606534,0.4905976002191582,13,17,10,4,16,21,10,10
2300,4938,1,1,0.43555426736085245,0.5030970593024083,13,17,10,4,17,21,10,10
2300,4942,0.322,0.667,0.6263759580368361,0.7193534629929577,13,17,10,4,10,22,10,10
2300,4943,0.343,0.637,0.5899093698790444,0.6938573955870205,13,17,10,4,11,22,10,10
2300,4944,0.512,0.6,0.5002626051896013,0.6422240586261837,13,17,10,4,12,22,10,10
2300,4945,0.762,0.556,0.3995910972260951,0.5749986255543258,13,17,10,4,13,22,10,10
2300,4946,0.926,0.667,0.3361069272611469,0.5138846860202562,13,17,10,4,14,22,10,10
2300,4947,0.99,0.778,0.32358833296230327,0.4819961767412768,13,17,10,4,15,22,10,10
2300,4948,1,0.889,0.34862285351077693,0.4808276616817687,13,17,10,4,16,22,10,10
2300,4949,1,1,0.38311744218228316,0.48766763689097536,13,17,10,4,17,22,10,10
2300,4954,0.355,0.693,0.556295434588618,0.6762325795084864,13,17,10,4,10,23,10,10
2300,4955,0.449,0.667,0.49580138683249986,0.6409186103830331,13,17,10,4,11,23,10,10
2300,4956,0.655,0.636,0.41087788301624517,0.590531099735466,13,17,10,4,12,23,10,10
2300,4957,0.851,0.6,0.33876767549417897,0.5351449062048068,13,17,10,4,13,23,10,10
2300,4958,0.96,0.7,0.3015773560343553,0.4907135750576309,13,17,10,4,14,23,10,10
2300,4959,0.996,0.8,0.3005942048105933,0.47052819307325133,13,17,10,4,15,23,10,10
2300,4960,1,0.9,0.31780844237383565,0.4699606698156932,13,17,10,4,16,23,10,10
2300,4961,1,1,0.3361666923205897,0.47335033075825284,13,17,10,4,17,23,10,10
2300,4967,0.423,0.714,0.48265756930965886,0.6347281078954501,13,17,10,4,10,24,10,10
2300,4968,0.567,0.692,0.4169455204423538,0.597256709003128,13,17,10,4,11,24,10,10
2300,4969,0.761,0.667,0.34711677642144423,0.5517161890816793,13,17,10,4,12,24,10,10
2300,4970,0.907,0.637,0.297493215373252,0.5068046406404881,13,17,10,4,13,24,10,10
2300,4971,0.978,0.727,0.2767428602256864,0.4740456259369411,13,17,10,4,14,24,10,10
2300,4972,0.998,0.819,0.27888674691637516,0.46044736530327113,13,17,10,4,15,24,10,10
2300,4973,1,0.91,0.28844122936743133,0.4596881078367725,13,17,10,4,16,24,10,10
2300,4974,1,1,0.29830518905214964,0.46169149600865833,13,17,10,4,17,24,10,10
2300,4981,0.512,0.733,0.4162064961725753,0.5981398663646662,13,17,10,4,10,25,10,10
2300,4982,0.672,0.714,0.3556650358762594,0.5618640409180485,13,17,10,4,11,25,10,10
2300,4983,0.836,0.692,0.30183537021711915,0.5219727281407711,13,17,10,4,12,25,10,10
2300,4984,0.941,0.667,0.26826422315876086,0.48571318360772064,13,17,10,4,13,25,10,10
2300,4985,0.988,0.75,0.2566203525763555,0.4612242639916726,13,17,10,4,14,25,10,10
2300,4986,0.999,0.834,0.2585688375769437,0.4516945053899756,13,17,10,4,15,25,10,10
2300,4987,1,0.917,0.26341081673153666,0.4510627142884569,13,17,10,4,16,25,10,10
2300,4988,1,1,0.26927376459793695,0.4528826281130267,13,17,10,4,17,25,10,10
2300,4996,0.603,0.75,0.36082566152428397,0.5668697940739399,13,17,10,4,10,26,10,10
2300,4997,0.757,0.733,0.309562773712863,0.5332530297684223,13,17,10,4,11,26,10,10
2300,4998,0.887,0.715,0.26938242080181907,0.49893108339219605,13,17,10,4,12,26,10,10
2300,4999,0.963,0.693,0.24694590396221971,0.46980503636180737,13,17,10,4,13,26,10,10
2300,5000,0.993,0.769,0.24019850751344196,0.45148811815139034,13,17,10,4,14,26,10,10
2300,5001,1,0.847,0.24112987334128988,0.4449955355436386,13,17,10,4,15,26,10,10
2300,5002,1,0.924,0.24422074264528593,0.4451984307087673,13,17,10,4,16,26,10,10
2300,5003,1,1,0.24962509808570243,0.44798548002451943,13,17,10,4,17,26,10,10
2300,5012,0.685,0.765,0.3169348422438665,0.5406896308326666,13,17,10,4,10,27,10,10
2300,5013,0.821,0.75,0.27559311614295023,0.5103995058827642,13,17,10,4,11,27,10,10
2300,5014,0.922,0.734,0.24630731803312989,0.48133306976820645,13,17,10,4,12,27,10,10
2300,5015,0.976,0.715,0.23145829376057514,0.4581936280551506,13,17,10,4,13,27,10,10
2300,5016,0.996,0.786,0.22750201815090487,0.4447571542212453,13,17,10,4,14,27,10,10
2300,5017,1,0.858,0.22827217317144666,0.44088236568103323,13,17,10,4,15,27,10,10
2300,5018,1,0.929,0.23147774762445938,0.4424486310596901,13,17,10,4,16,27,10,10
2300,5019,1,1,0.23892644593880652,0.4468185204360453,13,17,10,4,17,27,10,10
2300,5029,0.754,0.778,0.28332105508450467,0.5192719267372288,13,17,10,4,10,28,10,10
2300,5030,0.869,0.765,0.2510110320243988,0.4925670311436571,13,17,10,4,11,28,10,10
2300,5031,0.946,0.75,0.23013684003506107,0.46833097852351424,13,17,10,4,12,28,10,10
2300,5032,0.985,0.734,0.2207324412590429,0.4502407322497425,13,17,10,4,13,28,10,10
2300,5033,0.998,0.8,0.21857833911372193,0.4407777175328361,13,17,10,4,14,28,10,10
2300,5034,1,0.867,0.22022860918309883,0.4392438817404388,13,17,10,4,15,28,10,10
2300,5035,1,0.934,0.2252190122697053,0.44240008924776975,13,17,10,4,16,28,10,10
2300,5036,1,1,0.23570266246607485,0.44853515445630787,13,17,10,4,17,28,10,10
2300,5047,0.809,0.79,0.25828287685713813,0.5021904772533059,13,17,10,4,10,29,10,10
2300,5048,0.904,0.778,0.23387077481677576,0.4790643757931867,13,17,10,4,11,29,10,10
2300,5049,0.963,0.765,0.2194993574079913,0.45916107326581923,13,17,10,4,12,29,10,10
2300,5050,0.99,0.75,0.21378215920787147,0.44531994624238813,13,17,10,4,13,29,10,10
2300,5051,0.999,0.813,0.21337418443946,0.43914204651193933,13,17,10,4,14,29,10,10
2300,5052,1,0.875,0.21663846161606182,0.43970694465705573,13,17,10,4,15,29,10,10
2300,5053,1,0.938,0.22425472897529564,0.4444772955980728,13,17,10,4,16,29,10,10
2300,5054,1,1,0.23869488649638015,0.45229531440436044,13,17,10,4,17,29,10,10
2300,5066,0.853,0.8,0.24050236184534146,0.4889345899728944,13,17,10,4,10,30,10,10
2300,5067,0.929,0.79,0.22253239595612095,0.46920772356868123,13,17,10,4,11,30,10,10
2300,5068,0.974,0.778,0.21306083212503568,0.4531160881710219,13,17,10,4,12,30,10,10
2300,5069,0.993,0.765,0.21002345162915803,0.442844794067048,13,17,10,4,13,30,10,10
2300,5070,0.999,0.824,0.21146182709313244,0.4394077545416233,13,17,10,4,14,30,10,10
2300,5071,1,0.883,0.2170331937529184,0.4418226861794763,13,17,10,4,15,30,10,10
2300,5072,1,0.942,0.22769417630775857,0.4480572717232405,13,17,10,4,16,30,10,10
2300,5073,1,1,0.2449608633223238,0.45720599448169064,13,17,10,4,17,30,10,10
2300,5086,0.887,0.81,0.22847278190873643,0.47894492591335747,13,17,10,4,10,31,10,10
2300,5087,0.948,0.8,0.21576269176458762,0.46233742360628904,13,17,10,4,11,31,10,10
2300,5088,0.982,0.789,0.20978183058924949,0.4495502265249547,13,17,10,4,12,31,10,10
2300,5089,0.996,0.778,0.20894808908732254,0.442267139717727,13,17,10,4,13,31,10,10
2300,5090,0.999,0.834,0.21242057413576554,0.44110250297055253,13,17,10,4,14,31,10,10
2300,5091,1,0.889,0.22007322163635246,0.44506507574188103,13,17,10,4,15,31,10,10
2300,5092,1,0.945,0.23282686030821365,0.45244053192807554,13,17,10,4,16,31,10,10
2300,5093,1,1,0.25227756006951907,0.46234693519074643,13,17,10,4,17,31,10,10
2300,5107,0.913,0.819,0.22103777825092819,0.4716530178562748,13,17,10,4,10,32,10,10
2300,5108,0.962,0.81,0.21218472413355616,0.4578382399688763,13,17,10,4,11,32,10,10
2300,5109,0.987,0.8,0.20875619993016592,0.447881977410325,13,17,10,4,12,32,10,10
2300,5110,0.997,0.79,0.20984248325663235,0.44308158343838233,13,17,10,4,13,32,10,10
2300,5111,1,0.842,0.21496337663511544,0.4437627067053028,13,17,10,4,14,32,10,10
2300,5112,1,0.895,0.22444059961516283,0.44892272000849365,13,17,10,4,15,32,10,10
2300,5113,1,0.948,0.23914560308751398,0.4570094730318762,13,17,10,4,16,32,10,10
2300,5114,1,1,0.25958620512131847,0.4670231835045041,13,17,10,4,17,32,10,10
2300,5129,0.933,0.826,0.216699834777217,0.46652540910859586,13,17,10,4,10,33,10,10
2300,5130,0.972,0.819,0.21066005691431,0.4551691271435715,13,17,10,4,11,33,10,10
2300,5131,0.991,0.81,0.2091911129336077,0.4476149187657289,13,17,10,4,12,33,10,10
2300,5132,0.998,0.8,0.21187971480729462,0.4448521778467651,13,17,10,4,13,33,10,10
2300,5133,1,0.85,0.21874995721210766,0.44697677356393917,13,17,10,4,14,33,10,10
2300,5134,1,0.9,0.22993199397387332,0.45294835950065426,13,17,10,4,15,33,10,10
2300,5135,1,0.95,0.24564745969982338,0.4612648394096578,13,17,10,4,16,33,10,10
2300,5136,1,1,0.26543327585176135,0.4707635240974245,13,17,10,4,17,33,10,10
2300,5152,0.948,0.834,0.21433500374980874,0.4630942714024545,13,17,10,4,10,34,10,10
2300,5153,0.979,0.826,0.21038946695988425,0.45387555049032524,13,17,10,4,11,34,10,10
2300,5154,0.993,0.818,0.2107344210120835,0.4483370771514784,13,17,10,4,12,34,10,10
2300,5155,0.999,0.81,0.21524030290115137,0.4472098916634222,13,17,10,4,13,34,10,10
2300,5156,1,0.857,0.2235760528267413,0.45038891187504826,13,17,10,4,14,34,10,10
2300,5157,1,0.905,0.23560507579875634,0.45677018267177383,13,17,10,4,15,34,10,10
2300,5158,1,0.953,0.2511228982378454,0.46484574238150755,13,17,10,4,16,34,10,10
2300,5159,1,1,0.26941946568867814,0.47333750061393065,13,17,10,4,17,34,10,10
2300,5176,0.96,0.84,0.21337025030000434,0.4609677811608124,13,17,10,4,10,35,10,10
2300,5177,0.984,0.834,0.21147095116002845,0.4535866520635006,13,17,10,4,11,35,10,10
2300,5178,0.995,0.826,0.2135976356555791,0.44971384748572407,13,17,10,4,12,35,10,10
2300,5179,0.999,0.818,0.2194020047073315,0.4498531875333577,13,17,10,4,13,35,10,10
2300,5180,1,0.864,0.2285828419378534,0.4537162531226854,13,17,10,4,14,35,10,10
2300,5181,1,0.909,0.24077541721786,0.46012789647151886,13,17,10,4,15,35,10,10
2300,5182,1,0.955,0.25550422916060966,0.46757723914165605,13,17,10,4,16,35,10,10
2300,5183,1,1,0.27191265090186656,0.47478032690766725,13,17,10,4,17,35,10,10
