spA_par,spB_par,Dissimilarity,Exclusivity,D,I,a_A,b_A,alpha_A,gamma_A,a_B,b_B,alpha_B,gamma_B
2633,2633,0,0,1,1,14,18,1,7,14,18,1,7
2633,2634,0.685,0.25,0.6534434594772613,0.6790233692117995,14,18,1,7,15,18,1,7
2633,2635,0.971,0.5,0.5170548536936559,0.577979015517278,14,18,1,7,16,18,1,7
2633,2636,1,0.75,0.5128614902833329,0.5812456923852686,14,18,1,7,17,18,1,7
2633,2637,0.934,0.556,0.528728084576289,0.5830326331750801,14,18,1,7,10,19,1,7
2633,2638,0.866,0.5,0.5347756331032819,0.6041425663425289,14,18,1,7,11,19,1,7
2633,2639,0.716,0.429,0.6034652146631159,0.6558676494713046,14,18,1,7,12,19,1,7
2633,2640,0.406,0.334,0.7651650649681888,0.7620271466347451,14,18,1,7,13,19,1,7
2633,2641,0.129,0.2,0.8987444676121511,0.9229869781824896,14,18,1,7,14,19,1,7
2633,2642,0.739,0.4,0.6024603682609344,0.6523159966983415,14,18,1,7,15,19,1,7
2633,2643,0.978,0.6,0.5029383182556997,0.5528687373169652,14,18,1,7,16,19,1,7
2633,2644,1,0.8,0.5043458515775432,0.5484103476470474,14,18,1,7,17,19,1,7
2633,2645,1,1,0.5120689569095075,0.5763069050737399,14,18,1,7,18,19,1,7
2633,2646,0.881,0.6,0.5200954278714699,0.5977791511343618,14,18,1,7,10,20,1,7
2633,2647,0.781,0.556,0.5415334162377567,0.6233559573897177,14,18,1,7,11,20,1,7
2633,2648,0.597,0.5,0.6233463020989173,0.6780633442661629,14,18,1,7,12,20,1,7
2633,2649,0.312,0.429,0.76663050744548,0.7760865533364275,14,18,1,7,13,20,1,7
2633,2650,0.219,0.333,0.8130321359716141,0.8607388629327002,14,18,1,7,14,20,1,7
2633,2651,0.771,0.5,0.5430140101216961,0.6264579336570122,14,18,1,7,15,20,1,7
2633,2652,0.981,0.667,0.4400610782050822,0.53380263874097,14,18,1,7,16,20,1,7
2633,2653,1,0.834,0.47290466434131717,0.5259217047474644,14,18,1,7,17,20,1,7
2633,2654,1,1,0.504139032018901,0.544776976274179,14,18,1,7,18,20,1,7
2633,2656,0.816,0.637,0.5197028295630063,0.6109365665166294,14,18,1,7,10,21,1,7
2633,2657,0.694,0.6,0.5512910346700696,0.6385061369008528,14,18,1,7,11,21,1,7
2633,2658,0.502,0.556,0.6327439144172007,0.6917370130994247,14,18,1,7,12,21,1,7
2633,2659,0.285,0.5,0.743368769608021,0.7744440534788284,14,18,1,7,13,21,1,7
2633,2660,0.287,0.429,0.7405382139914158,0.8105729080987372,14,18,1,7,14,21,1,7
2633,2661,0.794,0.572,0.49695841330979795,0.6040834221026113,14,18,1,7,15,21,1,7
2633,2662,0.983,0.715,0.3954999354735559,0.5190179675714933,14,18,1,7,16,21,1,7
2633,2663,1,0.858,0.4125711768765614,0.5098437437314544,14,18,1,7,17,21,1,7
2633,2664,1,1,0.4824394312053988,0.5244245575820348,14,18,1,7,18,21,1,7
2633,2667,0.749,0.667,0.5218058450816773,0.6214569828973433,14,18,1,7,10,22,1,7
2633,2668,0.616,0.637,0.557351926460186,0.6490347318421273,14,18,1,7,11,22,1,7
2633,2669,0.439,0.6,0.6300765473821217,0.6978340952360024,14,18,1,7,12,22,1,7
2633,2670,0.288,0.556,0.7106358798846553,0.763252797924861,14,18,1,7,13,22,1,7
2633,2671,0.34,0.5,0.6790667911860885,0.7697610668902694,14,18,1,7,14,22,1,7
2633,2672,0.811,0.625,0.4602067682934885,0.5852277731787636,14,18,1,7,15,22,1,7
2633,2673,0.984,0.75,0.3629850522110315,0.5072588149647599,14,18,1,7,16,22,1,7
2633,2674,1,0.875,0.37119834163256327,0.49778725921285394,14,18,1,7,17,22,1,7
2633,2675,1,1,0.423169930986954,0.5088781259485678,14,18,1,7,18,22,1,7
2633,2679,0.686,0.692,0.5228983957362008,0.6290480981746507,14,18,1,7,10,23,1,7
2633,2680,0.553,0.667,0.5578944821644356,0.6552390172881486,14,18,1,7,11,23,1,7
2633,2681,0.402,0.637,0.6190669898637716,0.6980691962942571,14,18,1,7,12,23,1,7
2633,2682,0.302,0.6,0.6754873602891688,0.7474918428484338,14,18,1,7,13,23,1,7
2633,2683,0.383,0.556,0.6267429698129225,0.7360971319433613,14,18,1,7,14,23,1,7
2633,2684,0.824,0.667,0.4300142156543545,0.5693358554720893,14,18,1,7,15,23,1,7
2633,2685,0.985,0.778,0.33822706300199645,0.4976386876114095,14,18,1,7,16,23,1,7
2633,2686,1,0.889,0.3408424641177872,0.48813972131136696,14,18,1,7,17,23,1,7
2633,2687,1,1,0.378385687392628,0.4960813891530941,14,18,1,7,18,23,1,7
2633,2692,0.631,0.714,0.5215904081710844,0.6338458408233383,14,18,1,7,10,24,1,7
2633,2693,0.506,0.693,0.5535263121476777,0.6577933968571587,14,18,1,7,11,24,1,7
2633,2694,0.382,0.667,0.60321021499705,0.6941872989510418,14,18,1,7,12,24,1,7
2633,2695,0.318,0.636,0.6408979612211526,0.730169715028638,14,18,1,7,13,24,1,7
2633,2696,0.418,0.6,0.5820143796088625,0.7079104092865944,14,18,1,7,14,24,1,7
2633,2697,0.834,0.7,0.4041119263718965,0.5558120922475454,14,18,1,7,15,24,1,7
2633,2698,0.986,0.8,0.31850697562254304,0.48955332491485104,14,18,1,7,16,24,1,7
2633,2699,1,0.9,0.31728788996527924,0.48006458355582715,14,18,1,7,17,24,1,7
2633,2700,1,1,0.3435047301627776,0.48534721082169496,14,18,1,7,18,24,1,7
2633,2706,0.584,0.733,0.5176592362618986,0.6361963915629647,14,18,1,7,10,25,1,7
2633,2707,0.471,0.714,0.5455372606103568,0.6574712149102565,14,18,1,7,11,25,1,7
2633,2708,0.373,0.692,0.5848634461872075,0.6876373886367855,14,18,1,7,12,25,1,7
2633,2709,0.333,0.667,0.6080777315115715,0.712846994651724,14,18,1,7,13,25,1,7
2633,2710,0.449,0.637,0.5435707081743927,0.6839681760747374,14,18,1,7,14,25,1,7
2633,2711,0.843,0.727,0.38152492866001575,0.544170361649926,14,18,1,7,15,25,1,7
2633,2712,0.987,0.819,0.30138896320938324,0.4826214240230762,14,18,1,7,16,25,1,7
2633,2713,1,0.91,0.2980485789391011,0.4731442918699471,14,18,1,7,17,25,1,7
2633,2714,1,1,0.3157821385104441,0.47630466886352985,14,18,1,7,18,25,1,7
2633,2721,0.546,0.75,0.511472001508152,0.6365241095039049,14,18,1,7,10,26,1,7
2633,2722,0.447,0.733,0.5350383649228159,0.6550020775165623,14,18,1,7,11,26,1,7
2633,2723,0.372,0.714,0.5654446432231167,0.6795030672356388,14,18,1,7,12,26,1,7
2633,2724,0.346,0.692,0.5775806190939876,0.6962652352757267,14,18,1,7,13,26,1,7
2633,2725,0.475,0.667,0.5102964184865841,0.6633823926212945,14,18,1,7,14,26,1,7
2633,2726,0.85,0.75,0.36199838800165873,0.534057738545956,14,18,1,7,15,26,1,7
2633,2727,0.987,0.834,0.28652632833095426,0.47661877841864797,14,18,1,7,16,26,1,7
2633,2728,1,0.917,0.2816285606705735,0.46718401421698064,14,18,1,7,17,26,1,7
2633,2729,1,1,0.293646489928886,0.4687623672076966,14,18,1,7,18,26,1,7
2633,2737,0.516,0.765,0.5036108126121406,0.63525914546571,14,18,1,7,10,27,1,7
2633,2738,0.431,0.75,0.5229584772418726,0.6510153169764435,14,18,1,7,11,27,1,7
2633,2739,0.374,0.733,0.5458897970129107,0.6705540295780252,14,18,1,7,12,27,1,7
2633,2740,0.358,0.715,0.5495690588789279,0.6807551110846464,14,18,1,7,13,27,1,7
2633,2741,0.498,0.693,0.48132086781439876,0.6455244182120115,14,18,1,7,14,27,1,7
2633,2742,0.857,0.769,0.3451132596424523,0.525232251889724,14,18,1,7,15,27,1,7
2633,2743,0.988,0.847,0.27399372879664374,0.47141882034471727,14,18,1,7,16,27,1,7
2633,2744,1,0.924,0.26780650372408044,0.46209149324867504,14,18,1,7,17,27,1,7
2633,2745,1,1,0.2758650441341256,0.46257784068349905,14,18,1,7,18,27,1,7
2633,2754,0.492,0.778,0.49455317668882215,0.632799116822188,14,18,1,7,10,28,1,7
2633,2755,0.42,0.765,0.5100758667122546,0.6460253493050474,14,18,1,7,11,28,1,7
2633,2756,0.378,0.75,0.5268657616326613,0.6613204840496558,14,18,1,7,12,28,1,7
2633,2757,0.369,0.734,0.5239900379460638,0.6664442166553899,14,18,1,7,13,28,1,7
2633,2758,0.519,0.715,0.45604320283145294,0.6299402965245906,14,18,1,7,14,28,1,7
2633,2759,0.862,0.786,0.33052176690714574,0.5175188959573715,14,18,1,7,15,28,1,7
2633,2760,0.988,0.858,0.26353827079059633,0.46693266243491993,14,18,1,7,16,28,1,7
2633,2761,1,0.929,0.2564562836318719,0.45778660288804984,14,18,1,7,17,28,1,7
2633,2762,1,1,0.26153776846850985,0.4575741476024556,14,18,1,7,18,28,1,7
2633,2772,0.474,0.79,0.4848001603160027,0.6294890049485289,14,18,1,7,10,29,1,7
2633,2773,0.414,0.778,0.49697680256271526,0.6404344666686237,14,18,1,7,11,29,1,7
2633,2774,0.383,0.765,0.5087166170551567,0.6521554215918649,14,18,1,7,12,29,1,7
2633,2775,0.38,0.75,0.5007897601836611,0.6533530685239873,14,18,1,7,13,29,1,7
2633,2776,0.537,0.734,0.4339593658249222,0.6162845341618312,14,18,1,7,14,29,1,7
2633,2777,0.867,0.8,0.31792597085359864,0.510776215776692,14,18,1,7,15,29,1,7
2633,2778,0.988,0.867,0.25482305876270994,0.4630803651245087,14,18,1,7,16,29,1,7
2633,2779,1,0.934,0.24705888636871587,0.4541812198656716,14,18,1,7,17,29,1,7
2633,2780,1,1,0.25012072063777646,0.4535651316524204,14,18,1,7,18,29,1,7
2633,2791,0.46,0.8,0.4747494528834051,0.6256131837713192,14,18,1,7,10,30,1,7
2633,2792,0.411,0.79,0.4840464530455041,0.6345445625821864,14,18,1,7,11,30,1,7
2633,2793,0.389,0.778,0.4915983757342275,0.6432831231087645,14,18,1,7,12,30,1,7
2633,2794,0.39,0.765,0.4798405025235014,0.6414432868114338,14,18,1,7,13,30,1,7
2633,2795,0.553,0.75,0.4146368434683414,0.6042812330445376,14,18,1,7,14,30,1,7
2633,2796,0.871,0.813,0.3070616244192208,0.5048831168844896,14,18,1,7,15,30,1,7
2633,2797,0.989,0.875,0.24747978180748775,0.4597879011245004,14,18,1,7,16,30,1,7
2633,2798,1,0.938,0.23931512641715602,0.4511879588173002,14,18,1,7,17,30,1,7
2633,2799,1,1,0.24116329508716394,0.4503817560992144,14,18,1,7,18,30,1,7
2633,2811,0.45,0.81,0.46468677024675864,0.6213963837367107,14,18,1,7,10,31,1,7
2633,2812,0.41,0.8,0.4715160188652725,0.628573780552092,14,18,1,7,11,31,1,7
2633,2813,0.395,0.79,0.47560313706871316,0.6348372399727942,14,18,1,7,12,31,1,7
2633,2814,0.4,0.778,0.46098057200724873,0.6306456077369391,14,18,1,7,13,31,1,7
2633,2815,0.568,0.765,0.39772005470097704,0.5937036449315066,14,18,1,7,14,31,1,7
2633,2816,0.875,0.824,0.29761678181274875,0.49973470574709566,14,18,1,7,15,31,1,7
2633,2817,0.989,0.883,0.24126002223176268,0.45698836689754485,14,18,1,7,16,31,1,7
2633,2818,1,0.942,0.23308093157992626,0.4487254755666156,14,18,1,7,17,31,1,7
2633,2819,1,1,0.23412425936444703,0.4478785130237457,14,18,1,7,18,31,1,7
2633,2832,0.442,0.818,0.45480677289740634,0.6170102080950141,14,18,1,7,10,32,1,7
2633,2833,0.411,0.81,0.4595366104007713,0.6226743050861195,14,18,1,7,11,32,1,7
2633,2834,0.4,0.8,0.46079875022864647,0.6268896855753097,14,18,1,7,12,32,1,7
2633,2835,0.41,0.789,0.4440388980799219,0.6208767042118555,14,18,1,7,13,32,1,7
2633,2836,0.582,0.778,0.382850732420971,0.5843621013212608,14,18,1,7,14,32,1,7
2633,2837,0.879,0.834,0.28932814290879094,0.4952396741052433,14,18,1,7,15,32,1,7
2633,2838,0.989,0.889,0.23612982101500402,0.4546217171373026,14,18,1,7,16,32,1,7
2633,2839,1,0.945,0.22809285219533404,0.44671984609946624,14,18,1,7,17,32,1,7
2633,2840,1,1,0.22863816002984771,0.44593253017694745,14,18,1,7,18,32,1,7
2633,2854,0.437,0.826,0.4452651177486152,0.6125818608203013,14,18,1,7,10,33,1,7
2633,2855,0.413,0.819,0.4482238426868922,0.6169483198959352,14,18,1,7,11,33,1,7
2633,2856,0.405,0.81,0.44714737032493823,0.6194712256959134,14,18,1,7,12,33,1,7
2633,2857,0.419,0.8,0.4288004483058081,0.6120486612609164,14,18,1,7,13,33,1,7
2633,2858,0.595,0.79,0.36970680485063223,0.5760956297018064,14,18,1,7,14,33,1,7
2633,2859,0.882,0.842,0.2821761804820916,0.4913177808467326,14,18,1,7,15,33,1,7
2633,2860,0.989,0.895,0.23194741530377516,0.45263368894764644,14,18,1,7,16,33,1,7
2633,2861,1,0.948,0.2241128200276954,0.4451044409154935,14,18,1,7,17,33,1,7
2633,2862,1,1,0.22443279116816328,0.44444080452817325,14,18,1,7,18,33,1,7
2633,2877,0.434,0.833,0.4361540514106962,0.6082028933877832,14,18,1,7,10,34,1,7
2633,2878,0.415,0.826,0.4375958717024545,0.6114609667642921,14,18,1,7,11,34,1,7
2633,2879,0.409,0.819,0.4345737835901724,0.6125855953298429,14,18,1,7,12,34,1,7
2633,2880,0.428,0.81,0.4150743938824417,0.6040741045251015,14,18,1,7,13,34,1,7
2633,2881,0.606,0.8,0.35812306815755124,0.5687659607990991,14,18,1,7,14,34,1,7
2633,2882,0.885,0.85,0.276022432750609,0.48789789784031756,14,18,1,7,15,34,1,7
2633,2883,0.989,0.9,0.22855348726405922,0.4509751069321155,14,18,1,7,16,34,1,7
2633,2884,1,0.95,0.22101939112070657,0.44381999545883577,14,18,1,7,17,34,1,7
2633,2885,1,1,0.22129542092541532,0.44331807599798656,14,18,1,7,18,34,1,7
2633,2901,0.432,0.84,0.42749155319061105,0.6039370043994999,14,18,1,7,10,35,1,7
2633,2902,0.418,0.834,0.4276016444986558,0.60625043216944,14,18,1,7,11,35,1,7
2633,2903,0.414,0.826,0.42302625471871236,0.6062192014123892,14,18,1,7,12,35,1,7
2633,2904,0.437,0.818,0.40275151384331564,0.5968691714171682,14,18,1,7,13,35,1,7
2633,2905,0.617,0.81,0.34793045460736505,0.5622535820391803,14,18,1,7,14,35,1,7
2633,2906,0.888,0.857,0.2707366913635181,0.484917088708677,14,18,1,7,15,35,1,7
2633,2907,0.99,0.905,0.22583040115703334,0.4496021425557013,14,18,1,7,16,35,1,7
2633,2908,1,0.953,0.21866887717560646,0.44281538531579345,14,18,1,7,17,35,1,7
2633,2909,1,1,0.21898255145303547,0.4424956616816834,14,18,1,7,18,35,1,7
2633,2932,1,1,0.5091608374458194,0.5548739362271911,14,18,1,7,10,14,4,7
2633,2933,1,1,0.5097973957337563,0.558006851260888,14,18,1,7,11,14,4,7
2633,2934,1,1,0.5123256664929756,0.5711417010074574,14,18,1,7,12,14,4,7
2633,2935,1,1,0.516964353353708,0.5989285523978244,14,18,1,7,13,14,4,7
2633,2936,0.999,0.875,0.5044743623155574,0.5370133393790089,14,18,1,7,10,15,4,7
2633,2937,0.997,0.858,0.5062325128042695,0.5429047222151291,14,18,1,7,11,15,4,7
2633,2938,0.983,0.834,0.5148139240155292,0.5631986439902684,14,18,1,7,12,15,4,7
2633,2939,0.884,0.8,0.5545797445492935,0.6134235964847099,14,18,1,7,13,15,4,7
2633,2940,0.357,0.75,0.6761023879448225,0.7326500418723718,14,18,1,7,14,15,4,7
2633,2941,0.975,0.75,0.5115334657024695,0.5457029768429409,14,18,1,7,10,16,4,7
2633,2942,0.934,0.715,0.5331147808369904,0.5697916529898066,14,18,1,7,11,16,4,7
2633,2943,0.819,0.667,0.5932829013366414,0.6248302628744714,14,18,1,7,12,16,4,7
2633,2944,0.52,0.6,0.7328746184197108,0.7415166212092617,14,18,1,7,13,16,4,7
2633,2945,0.228,0.5,0.8318526695713544,0.851127771516813,14,18,1,7,14,16,4,7
2633,2946,0.647,0.751,0.6069544729506781,0.6770470557386636,14,18,1,7,15,16,4,7
2633,2947,0.877,0.625,0.5075633427622456,0.5854203116144369,14,18,1,7,10,17,4,7
2633,2948,0.757,0.572,0.5756519009929912,0.6326845104731477,14,18,1,7,11,17,4,7
2633,2949,0.531,0.5,0.7102100355961727,0.7191719037864089,14,18,1,7,12,17,4,7
2633,2950,0.151,0.4,0.9117838586141824,0.8656938451426143,14,18,1,7,13,17,4,7
2633,2951,0.363,0.25,0.8268832772411101,0.8402652861310178,14,18,1,7,14,17,4,7
2633,2952,0.784,0.501,0.5990020319911745,0.6493811663027764,14,18,1,7,15,17,4,7
2633,2953,0.969,0.751,0.5202770877786096,0.5949045345417613,14,18,1,7,16,17,4,7
2633,2954,0.697,0.5,0.5484517255606145,0.6358933906113944,14,18,1,7,10,18,4,7
2633,2955,0.502,0.429,0.6498595330292984,0.6963954443652427,14,18,1,7,11,18,4,7
2633,2956,0.249,0.333,0.7986754499632551,0.7873183367832284,14,18,1,7,12,18,4,7
2633,2957,0.201,0.2,0.8393984684493505,0.8756934721359826,14,18,1,7,13,18,4,7
2633,2958,0.552,0,0.6730866836725724,0.7527281442203344,14,18,1,7,14,18,4,7
2633,2959,0.867,0.25,0.535416226895683,0.6004962436992498,14,18,1,7,15,18,4,7
2633,2960,0.985,0.5,0.5087975660379377,0.5531461997040934,14,18,1,7,16,18,4,7
2633,2961,1,0.75,0.510947110221431,0.5727064574487165,14,18,1,7,17,18,4,7
2633,2962,0.488,0.556,0.607544316134536,0.6770066195388729,14,18,1,7,10,19,4,7
2633,2963,0.331,0.5,0.6981398591938244,0.7344191100675386,14,18,1,7,11,19,4,7
2633,2964,0.263,0.429,0.7578863065169823,0.796781400966887,14,18,1,7,12,19,4,7
2633,2965,0.332,0.334,0.7112370749254535,0.8002112314674079,14,18,1,7,13,19,4,7
2633,2966,0.669,0.2,0.5564157469323353,0.6758741738451141,14,18,1,7,14,19,4,7
2633,2967,0.909,0.4,0.45066581939363426,0.5599951956276394,14,18,1,7,15,19,4,7
2633,2968,0.99,0.6,0.4461311340714017,0.5250647197013992,14,18,1,7,16,19,4,7
2633,2969,1,0.8,0.4999804814224065,0.5356456549628557,14,18,1,7,17,19,4,7
2633,2970,1,1,0.5107351069867325,0.5696941716345189,14,18,1,7,18,19,4,7
2633,2971,0.38,0.6,0.6277184854965663,0.6989241135196437,14,18,1,7,10,20,4,7
2633,2972,0.317,0.556,0.6762626732789727,0.7403853528083548,14,18,1,7,11,20,4,7
2633,2973,0.304,0.5,0.6813832409303062,0.7648530510736667,14,18,1,7,12,20,4,7
2633,2974,0.446,0.429,0.6052693466283194,0.7290048592939335,14,18,1,7,13,20,4,7
2633,2975,0.746,0.333,0.47403488576416797,0.6201427605913095,14,18,1,7,14,20,4,7
2633,2976,0.934,0.5,0.3924573310926678,0.5312801039956971,14,18,1,7,15,20,4,7
2633,2977,0.993,0.667,0.3837050938556218,0.5054534685160443,14,18,1,7,16,20,4,7
2633,2978,1,0.834,0.42934069962531496,0.5129741723177078,14,18,1,7,17,20,4,7
2633,2979,1,1,0.5024921932619162,0.5389504176984415,14,18,1,7,18,20,4,7
2633,2981,0.356,0.637,0.6131341039270191,0.7021330730071783,14,18,1,7,10,21,4,7
2633,2982,0.335,0.6,0.6298761479174921,0.724453530357605,14,18,1,7,11,21,4,7
2633,2983,0.358,0.556,0.6049279182454448,0.7222260153235023,14,18,1,7,12,21,4,7
2633,2984,0.539,0.5,0.5215019683258054,0.6731118270382057,14,18,1,7,13,21,4,7
2633,2985,0.8,0.429,0.41440527666704685,0.5801992020137902,14,18,1,7,14,21,4,7
2633,2986,0.949,0.572,0.35109014343892764,0.5107690436862067,14,18,1,7,15,21,4,7
2633,2987,0.995,0.715,0.34367968326565934,0.4917363300341244,14,18,1,7,16,21,4,7
2633,2988,1,0.858,0.3805826748518134,0.49878787658730983,14,18,1,7,17,21,4,7
2633,2989,1,1,0.45432351502070667,0.5158040551387805,14,18,1,7,18,21,4,7
2633,2992,0.362,0.667,0.5821260933426209,0.6924541399570912,14,18,1,7,10,22,4,7
2633,2993,0.356,0.637,0.5776191097045337,0.6991132262453973,14,18,1,7,11,22,4,7
2633,2994,0.418,0.6,0.5370856648293865,0.6819704070148541,14,18,1,7,12,22,4,7
2633,2995,0.614,0.556,0.4563285500569668,0.630108966038141,14,18,1,7,13,22,4,7
2633,2996,0.839,0.5,0.36889571183794445,0.551024928310889,14,18,1,7,14,22,4,7
2633,2997,0.96,0.625,0.32024798503340535,0.49570847475411495,14,18,1,7,15,22,4,7
2633,2998,0.996,0.75,0.31531297130614666,0.48133714953830153,14,18,1,7,16,22,4,7
2633,2999,1,0.875,0.34317338235643846,0.4865766771057217,14,18,1,7,17,22,4,7
2633,3000,1,1,0.3855093580156145,0.49582494013337663,14,18,1,7,18,22,4,7
2633,3004,0.373,0.692,0.5450565662446505,0.6759652197556205,14,18,1,7,10,23,4,7
2633,3005,0.385,0.667,0.5270394758836918,0.6718215362917138,14,18,1,7,11,23,4,7
2633,3006,0.478,0.637,0.4796851826032841,0.6471286130820251,14,18,1,7,12,23,4,7
2633,3007,0.674,0.6,0.4054060443742322,0.5966241761688034,14,18,1,7,13,23,4,7
2633,3008,0.869,0.556,0.3333221683035342,0.5289283833519947,14,18,1,7,14,23,4,7
2633,3009,0.968,0.667,0.2949879850341087,0.48388953683031133,14,18,1,7,15,23,4,7
2633,3010,0.997,0.778,0.2921553478349965,0.4723255436492312,14,18,1,7,16,23,4,7
2633,3011,1,0.889,0.31140959278593694,0.47520968651402806,14,18,1,7,17,23,4,7
2633,3012,1,1,0.3344200786756447,0.47983238172943354,14,18,1,7,18,23,4,7
2633,3017,0.386,0.714,0.507167103649617,0.6568170245845383,14,18,1,7,10,24,4,7
2633,3018,0.42,0.693,0.48104196788229125,0.6457687031641328,14,18,1,7,11,24,4,7
2633,3019,0.534,0.667,0.43175649984657016,0.6175963758103605,14,18,1,7,12,24,4,7
2633,3020,0.723,0.636,0.3650775471032821,0.5699587200026888,14,18,1,7,13,24,4,7
2633,3021,0.891,0.6,0.3053594489140281,0.5115212417585361,14,18,1,7,14,24,4,7
2633,3022,0.974,0.7,0.2744562919176661,0.4740814240512914,14,18,1,7,15,24,4,7
2633,3023,0.997,0.8,0.27219756173166887,0.46418403551317977,14,18,1,7,16,24,4,7
2633,3024,1,0.9,0.2842548198143414,0.4651284025607457,14,18,1,7,17,24,4,7
2633,3025,1,1,0.2962780906894842,0.46729731380446526,14,18,1,7,18,24,4,7
2633,3031,0.404,0.733,0.4709657005581067,0.6373121786873315,14,18,1,7,10,25,4,7
2633,3032,0.458,0.714,0.4403602969037199,0.6220253171714549,14,18,1,7,11,25,4,7
2633,3033,0.584,0.692,0.3919406599423172,0.5925815420756122,14,18,1,7,12,25,4,7
2633,3034,0.762,0.667,0.3328113800751954,0.5482674906117865,14,18,1,7,13,25,4,7
2633,3035,0.909,0.637,0.28291038886870623,0.4974007484366746,14,18,1,7,14,25,4,7
2633,3036,0.978,0.727,0.25773416950433437,0.46574072191023774,14,18,1,7,15,25,4,7
2633,3037,0.998,0.819,0.2552104815876316,0.45698125136300327,14,18,1,7,16,25,4,7
2633,3038,1,0.91,0.2616941686964508,0.4567584342509563,14,18,1,7,17,25,4,7
2633,3039,1,1,0.2678339292929037,0.45797484585970283,14,18,1,7,18,25,4,7
2633,3046,0.427,0.75,0.4376249662373455,0.6186226206963497,14,18,1,7,10,26,4,7
2633,3047,0.497,0.733,0.40504527785044586,0.6008487803796471,14,18,1,7,11,26,4,7
2633,3048,0.63,0.714,0.35896181419821027,0.5713641001323531,14,18,1,7,12,26,4,7
2633,3049,0.795,0.692,0.30689496659917825,0.5304292245468669,14,18,1,7,13,26,4,7
2633,3050,0.923,0.667,0.26501164808378674,0.4858672700557428,14,18,1,7,14,26,4,7
2633,3051,0.982,0.75,0.24434951176996977,0.45880926872244254,14,18,1,7,15,26,4,7
2633,3052,0.998,0.834,0.24149456795489588,0.45110221039315,14,18,1,7,16,26,4,7
2633,3053,1,0.917,0.24439091884089625,0.4505570100924824,14,18,1,7,17,26,4,7
2633,3054,1,1,0.24795868510654995,0.4519215491376428,14,18,1,7,18,26,4,7
2633,3062,0.453,0.765,0.4077382116823709,0.6013380596963607,14,18,1,7,10,27,4,7
2633,3063,0.535,0.75,0.37481735339235134,0.5822368678297711,14,18,1,7,11,27,4,7
2633,3064,0.669,0.733,0.33184557519790536,0.5534266975423392,14,18,1,7,12,27,4,7
2633,3065,0.822,0.715,0.2862720152192374,0.5157769730967936,14,18,1,7,13,27,4,7
2633,3066,0.934,0.693,0.25094376131555496,0.47656461912253756,14,18,1,7,14,27,4,7
2633,3067,0.985,0.769,0.23384671079199892,0.4533229634310909,14,18,1,7,15,27,4,7
2633,3068,0.998,0.847,0.23082962652817973,0.4467310272585321,14,18,1,7,16,27,4,7
2633,3069,1,0.924,0.2320598907139939,0.44647134899901486,14,18,1,7,17,27,4,7
2633,3070,1,1,0.23494499485373654,0.4485704079220145,14,18,1,7,18,27,4,7
2633,3079,0.481,0.778,0.3815071887720566,0.5857228155414202,14,18,1,7,10,28,4,7
2633,3080,0.572,0.765,0.3492764249596578,0.566070330917791,14,18,1,7,11,28,4,7
2633,3081,0.705,0.75,0.3097707106497223,0.5383529737428681,14,18,1,7,12,28,4,7
2633,3082,0.845,0.734,0.26975180513943775,0.503823279464114,14,18,1,7,13,28,4,7
2633,3083,0.943,0.715,0.23982569710618673,0.469203375424063,14,18,1,7,14,28,4,7
2633,3084,0.987,0.786,0.2258002466525698,0.4492046972064999,14,18,1,7,15,28,4,7
2633,3085,0.999,0.858,0.223060715480067,0.4437831589598962,14,18,1,7,16,28,4,7
2633,3086,1,0.929,0.2237986674271153,0.4441623917846269,14,18,1,7,17,28,4,7
2633,3087,1,1,0.2273690919612107,0.447250631833748,14,18,1,7,18,28,4,7
2633,3097,0.509,0.79,0.35880674204300067,0.5718470478378306,14,18,1,7,10,29,4,7
2633,3098,0.606,0.778,0.3277938666419796,0.5521658254022822,14,18,1,7,11,29,4,7
2633,3099,0.735,0.765,0.2916166009474126,0.5257769173946283,14,18,1,7,12,29,4,7
2633,3100,0.864,0.75,0.25656582722742605,0.49416639210248725,14,18,1,7,13,29,4,7
2633,3101,0.951,0.734,0.23149647163182696,0.46351840747537765,14,18,1,7,14,29,4,7
2633,3102,0.989,0.8,0.22009954314954217,0.4463165116635667,14,18,1,7,15,29,4,7
2633,3103,0.999,0.867,0.21772505728123215,0.4420783087349519,14,18,1,7,16,29,4,7
2633,3104,1,0.934,0.21886355407512126,0.44327060274683494,14,18,1,7,17,29,4,7
2633,3105,1,1,0.2237395380591808,0.447416534025902,14,18,1,7,18,29,4,7
2633,3116,0.538,0.8,0.33915110989549,0.5596720798112851,14,18,1,7,10,30,4,7
2633,3117,0.638,0.79,0.3097480272912255,0.5403120992560686,14,18,1,7,11,30,4,7
2633,3118,0.763,0.778,0.2769750418167136,0.5153683393324586,14,18,1,7,12,30,4,7
2633,3119,0.88,0.765,0.24652471302099788,0.4864584291775935,14,18,1,7,13,30,4,7
2633,3120,0.957,0.75,0.22549985591259936,0.45926180515556514,14,18,1,7,14,30,4,7
2633,3121,0.99,0.813,0.216339341936156,0.44449095621620505,14,18,1,7,15,30,4,7
2633,3122,0.999,0.875,0.21463099889958204,0.4414023486624733,14,18,1,7,16,30,4,7
2633,3123,1,0.938,0.21659833400631578,0.4434552904611302,14,18,1,7,17,30,4,7
2633,3124,1,1,0.22297095843725634,0.44859835307614815,14,18,1,7,18,30,4,7
2633,3136,0.566,0.81,0.3224158864756004,0.5490961603677567,14,18,1,7,10,31,4,7
2633,3137,0.668,0.8,0.294952456197522,0.5302847264926145,14,18,1,7,11,31,4,7
2633,3138,0.786,0.79,0.2654434258025494,0.5068213825237269,14,18,1,7,12,31,4,7
2633,3139,0.893,0.778,0.23902481439484624,0.48038614721479544,14,18,1,7,13,31,4,7
2633,3140,0.962,0.765,0.22148367359063148,0.456195921165656,14,18,1,7,14,31,4,7
2633,3141,0.991,0.824,0.2143193791005319,0.4435427038154913,14,18,1,7,15,31,4,7
2633,3142,0.999,0.883,0.21331809403326318,0.4415290624902688,14,18,1,7,16,31,4,7
2633,3143,1,0.942,0.21615492406563486,0.444404146681723,14,18,1,7,17,31,4,7
2633,3144,1,1,0.22375822280883417,0.4504050564522236,14,18,1,7,18,31,4,7
2633,3157,0.594,0.818,0.30841397339634047,0.5399797118292611,14,18,1,7,10,32,4,7
2633,3158,0.695,0.81,0.28292468444195995,0.5218549699784283,14,18,1,7,11,32,4,7
2633,3159,0.807,0.8,0.25649523556062226,0.49985165493703654,14,18,1,7,12,32,4,7
2633,3160,0.905,0.789,0.2336907711316869,0.4756665717151708,14,18,1,7,13,32,4,7
2633,3161,0.967,0.778,0.21922330645757193,0.45409955350653264,14,18,1,7,14,32,4,7
2633,3162,0.992,0.834,0.21352055950065651,0.44329105644979616,14,18,1,7,15,32,4,7
2633,3163,0.999,0.889,0.21317668430919712,0.44225327860466557,14,18,1,7,16,32,4,7
2633,3164,1,0.945,0.2167495309231261,0.445863927690779,14,18,1,7,17,32,4,7
2633,3165,1,1,0.2252413520735037,0.4525462929165861,14,18,1,7,18,32,4,7
2633,3179,0.62,0.826,0.2967710560207154,0.5321634646765503,14,18,1,7,10,33,4,7
2633,3180,0.72,0.819,0.27332944759167566,0.5147997014061724,14,18,1,7,11,33,4,7
2633,3181,0.826,0.81,0.24979165521622382,0.494200564151423,14,18,1,7,12,33,4,7
2633,3182,0.915,0.8,0.23018892790537349,0.47205065624486175,14,18,1,7,13,33,4,7
2633,3183,0.97,0.79,0.21816777201831494,0.4527771445358515,14,18,1,7,14,33,4,7
2633,3184,0.993,0.842,0.21348804192875692,0.44357506732504526,14,18,1,7,15,33,4,7
2633,3185,0.999,0.895,0.21368317115806346,0.44340197276734306,14,18,1,7,16,33,4,7
2633,3186,1,0.948,0.21794816040604748,0.44763529591820894,14,18,1,7,17,33,4,7
2633,3187,1,1,0.22755302549382794,0.45480627599467105,14,18,1,7,18,33,4,7
2633,3202,0.644,0.833,0.28723682511891535,0.5254850554580467,14,18,1,7,10,34,4,7
2633,3203,0.742,0.826,0.26580618607757,0.5089129052767862,14,18,1,7,11,34,4,7
2633,3204,0.842,0.819,0.2449169075931379,0.48964250248392727,14,18,1,7,12,34,4,7
2633,3205,0.924,0.81,0.22802497218780637,0.46932842237680794,14,18,1,7,13,34,4,7
2633,3206,0.974,0.8,0.21780034920473879,0.452065750088004,14,18,1,7,14,34,4,7
2633,3207,0.994,0.85,0.2139117775064595,0.44426224194641317,14,18,1,7,15,34,4,7
2633,3208,0.999,0.9,0.21476504701499777,0.44483913372933337,14,18,1,7,16,34,4,7
2633,3209,1,0.95,0.21999858710679132,0.44957076791575834,14,18,1,7,17,34,4,7
2633,3210,1,1,0.2303550237415536,0.457038288086391,14,18,1,7,18,34,4,7
2633,3226,0.667,0.84,0.2795271327636586,0.5197933122995244,14,18,1,7,10,35,4,7
2633,3227,0.762,0.834,0.2600048822486397,0.5040154247768756,14,18,1,7,11,35,4,7
2633,3228,0.856,0.826,0.24145539405132543,0.48599029992636733,14,18,1,7,12,35,4,7
2633,3229,0.932,0.818,0.22665622817859032,0.46733195281780326,14,18,1,7,13,35,4,7
2633,3230,0.976,0.81,0.21791699079503424,0.45183913312304236,14,18,1,7,14,35,4,7
2633,3231,0.995,0.857,0.21494761456774603,0.44525446692160964,14,18,1,7,15,35,4,7
2633,3232,0.999,0.905,0.21660355603042114,0.44647132095725595,14,18,1,7,16,35,4,7
2633,3233,1,0.953,0.22256164919232568,0.4515801993538684,14,18,1,7,17,35,4,7
2633,3234,1,1,0.2333611014999606,0.45917320794494476,14,18,1,7,18,35,4,7
2633,3257,1,1,0.5078290163897121,0.5491103659628078,14,18,1,7,10,14,7,7
2633,3258,1,1,0.5095305754837622,0.557131222850288,14,18,1,7,11,14,7,7
2633,3259,1,1,0.5128753608330567,0.5743992366742411,14,18,1,7,12,14,7,7
2633,3260,1,1,0.5171536030051089,0.6002804716495769,14,18,1,7,13,14,7,7
2633,3261,0.995,0.875,0.5048745750845409,0.536501525181371,14,18,1,7,10,15,7,7
2633,3262,0.983,0.858,0.5124858922297735,0.5521183274965837,14,18,1,7,11,15,7,7
2633,3263,0.934,0.834,0.5364078462175805,0.5848884128039427,14,18,1,7,12,15,7,7
2633,3264,0.735,0.8,0.6054620029249392,0.6571796617211804,14,18,1,7,13,15,7,7
2633,3265,0.359,0.75,0.6802908997072179,0.7369267689044898,14,18,1,7,14,15,7,7
2633,3266,0.894,0.75,0.5354840952596122,0.5792341721985861,14,18,1,7,10,16,7,7
2633,3267,0.785,0.715,0.6092696688946018,0.6278751898548451,14,18,1,7,11,16,7,7
2633,3268,0.572,0.667,0.717292640409946,0.7131180113067292,14,18,1,7,12,16,7,7
2633,3269,0.198,0.6,0.8702016537704684,0.8461385372738958,14,18,1,7,13,16,7,7
2633,3270,0.36,0.5,0.7710624561566196,0.8036902276756828,14,18,1,7,14,16,7,7
2633,3271,0.71,0.751,0.5880544678022892,0.664881392833127,14,18,1,7,15,16,7,7
2633,3272,0.63,0.625,0.6123220843051584,0.6659652238018094,14,18,1,7,10,17,7,7
2633,3273,0.421,0.572,0.7340361412420547,0.741462766200844,14,18,1,7,11,17,7,7
2633,3274,0.164,0.5,0.8903119185037163,0.8465000971438278,14,18,1,7,12,17,7,7
2633,3275,0.246,0.4,0.8590599579975475,0.8978120199538993,14,18,1,7,13,17,7,7
2633,3276,0.603,0.25,0.7029051960283201,0.735213895102204,14,18,1,7,14,17,7,7
2633,3277,0.865,0.501,0.5634713071090736,0.6205059981454525,14,18,1,7,15,17,7,7
2633,3278,0.977,0.751,0.5181062385664071,0.591940994904333,14,18,1,7,16,17,7,7
2633,3279,0.318,0.5,0.7227354720784368,0.7402692802506612,14,18,1,7,10,18,7,7
2633,3280,0.246,0.429,0.7947321407961581,0.8051475166201673,14,18,1,7,11,18,7,7
2633,3281,0.262,0.333,0.7807425493531618,0.8413771443353497,14,18,1,7,12,18,7,7
2633,3282,0.493,0.2,0.6712790478835504,0.7725122126123094,14,18,1,7,13,18,7,7
2633,3283,0.772,0,0.5493364693608656,0.6435918628034325,14,18,1,7,14,18,7,7
2633,3284,0.935,0.25,0.5037695428850213,0.5658566015104494,14,18,1,7,15,18,7,7
2633,3285,0.992,0.5,0.5063294819453292,0.5493117384199264,14,18,1,7,16,18,7,7
2633,3286,1,0.75,0.5115925089069132,0.5756488698917932,14,18,1,7,17,18,7,7
2633,3287,0.302,0.556,0.7057941886781807,0.760860027180212,14,18,1,7,10,19,7,7
2633,3288,0.3,0.5,0.701211596014841,0.7805468917119625,14,18,1,7,11,19,7,7
2633,3289,0.418,0.429,0.6388972065753882,0.7532617105850213,14,18,1,7,12,19,7,7
2633,3290,0.656,0.334,0.5345220685704881,0.6724522311847931,14,18,1,7,13,19,7,7
2633,3291,0.86,0.2,0.4497815255686094,0.57898970602538,14,18,1,7,14,19,7,7
2633,3292,0.965,0.4,0.42199106851768,0.5292553959280824,14,18,1,7,15,19,7,7
2633,3293,0.996,0.6,0.45070631644590575,0.5220950937249553,14,18,1,7,16,19,7,7
2633,3294,1,0.8,0.5010936557614663,0.5375398409559617,14,18,1,7,17,19,7,7
2633,3295,1,1,0.5118005583465788,0.5743717114968061,14,18,1,7,18,19,7,7
2633,3296,0.333,0.6,0.6354795552985528,0.7351446579472252,14,18,1,7,10,20,7,7
2633,3297,0.392,0.556,0.5986037838627314,0.7219561968061465,14,18,1,7,11,20,7,7
2633,3298,0.555,0.5,0.5267831335092641,0.6763501304254087,14,18,1,7,12,20,7,7
2633,3299,0.762,0.429,0.44269801254206254,0.6053143192259101,14,18,1,7,13,20,7,7
2633,3300,0.91,0.333,0.3842229979399606,0.537918971153927,14,18,1,7,14,20,7,7
2633,3301,0.979,0.5,0.3668568545234737,0.5058427968441832,14,18,1,7,15,20,7,7
2633,3302,0.998,0.667,0.38945502433020773,0.5035907036853564,14,18,1,7,16,20,7,7
2633,3303,1,0.834,0.4545522159219094,0.5182454082959469,14,18,1,7,17,20,7,7
2633,3304,1,1,0.504258909497261,0.5440988100937278,14,18,1,7,18,20,7,7
2633,3306,0.389,0.637,0.5582260926152527,0.6934297289330579,14,18,1,7,10,21,7,7
2633,3307,0.493,0.6,0.5095549971278804,0.6662722674177913,14,18,1,7,11,21,7,7
2633,3308,0.662,0.556,0.44307055922360605,0.6190792325550423,14,18,1,7,12,21,7,7
2633,3309,0.832,0.5,0.37936801486270244,0.5603621720921979,14,18,1,7,13,21,7,7
2633,3310,0.941,0.429,0.3398541713034763,0.5114047169077589,14,18,1,7,14,21,7,7
2633,3311,0.987,0.572,0.33169293932592625,0.49080675237898175,14,18,1,7,15,21,7,7
2633,3312,0.999,0.715,0.35452752843513324,0.49198113686457434,14,18,1,7,16,21,7,7
2633,3313,1,0.858,0.4040774302735949,0.5034977564307301,14,18,1,7,17,21,7,7
2633,3314,1,1,0.46587790213102964,0.5172642247870786,14,18,1,7,18,21,7,7
2633,3317,0.46,0.667,0.4882562956831177,0.6522171604159436,14,18,1,7,10,22,7,7
2633,3318,0.585,0.637,0.43852100965901974,0.6208097207543921,14,18,1,7,11,22,7,7
2633,3319,0.743,0.6,0.3817081046528459,0.577246167149515,14,18,1,7,12,22,7,7
2633,3320,0.88,0.556,0.3337408484820995,0.529522264137682,14,18,1,7,13,22,7,7
2633,3321,0.959,0.5,0.3075909495888832,0.4933876645015828,14,18,1,7,14,22,7,7
2633,3322,0.992,0.625,0.30600243644533276,0.47968130054129965,14,18,1,7,15,22,7,7
2633,3323,0.999,0.75,0.32523529991672073,0.4810988256360087,14,18,1,7,16,22,7,7
2633,3324,1,0.875,0.35537316084670023,0.48753764069694605,14,18,1,7,17,22,7,7
2633,3325,1,1,0.3878374179284261,0.4946456208316945,14,18,1,7,18,22,7,7
2633,3329,0.534,0.692,0.4293168843760429,0.6161903582036555,14,18,1,7,10,23,7,7
2633,3330,0.664,0.667,0.3831167639682045,0.584691447286273,14,18,1,7,11,23,7,7
2633,3331,0.804,0.637,0.3362052535637421,0.5459781489594595,14,18,1,7,12,23,7,7
2633,3332,0.912,0.6,0.3002097854811575,0.5070947728054525,14,18,1,7,13,23,7,7
2633,3333,0.972,0.556,0.28270232708011245,0.4796909353251453,14,18,1,7,14,23,7,7
2633,3334,0.994,0.667,0.2840690220670219,0.46974556292269276,14,18,1,7,15,23,7,7
2633,3335,1,0.778,0.2975047556051843,0.4701390212059319,14,18,1,7,16,23,7,7
2633,3336,1,0.889,0.3139167336707406,0.47342426678468297,14,18,1,7,17,23,7,7
2633,3337,1,1,0.33238882820680826,0.47813160993853654,14,18,1,7,18,23,7,7
2633,3342,0.604,0.714,0.380937335837614,0.5856840213048935,14,18,1,7,10,24,7,7
2633,3343,0.729,0.693,0.3400116883709231,0.5557538134906559,14,18,1,7,11,24,7,7
2633,3344,0.849,0.667,0.30192848329526145,0.5217852039098867,14,18,1,7,12,24,7,7
2633,3345,0.935,0.636,0.2747233626356248,0.4898200650628185,14,18,1,7,13,24,7,7
2633,3346,0.98,0.6,0.26283786571655876,0.46843685451017936,14,18,1,7,14,24,7,7
2633,3347,0.996,0.7,0.2641388794858439,0.4606273678658753,14,18,1,7,15,24,7,7
2633,3348,1,0.8,0.2716906344777421,0.46016902308726126,14,18,1,7,16,24,7,7
2633,3349,1,0.9,0.28026354389043295,0.46196034225775295,14,18,1,7,17,24,7,7
2633,3350,1,1,0.29106299148086257,0.46551752646287603,14,18,1,7,18,24,7,7
2633,3356,0.666,0.733,0.34165851772092026,0.5600027996592299,14,18,1,7,10,25,7,7
2633,3357,0.781,0.714,0.30633983057362835,0.5322657743634998,14,18,1,7,11,25,7,7
2633,3358,0.883,0.692,0.2755909778104422,0.5026037883075181,14,18,1,7,12,25,7,7
2633,3359,0.951,0.667,0.25498467456978646,0.47612811256230836,14,18,1,7,13,25,7,7
2633,3360,0.985,0.637,0.24647058298142288,0.45914059693719234,14,18,1,7,14,25,7,7
2633,3361,0.997,0.727,0.2467237607562215,0.45290915768662976,14,18,1,7,15,25,7,7
2633,3362,1,0.819,0.2501798894421394,0.45235907645009454,14,18,1,7,16,25,7,7
2633,3363,1,0.91,0.2552720459859116,0.4540778217269551,14,18,1,7,17,25,7,7
2633,3364,1,1,0.2639244061907594,0.45806146113821156,14,18,1,7,18,25,7,7
2633,3371,0.719,0.75,0.3102802868117318,0.5385544549937786,14,18,1,7,10,26,7,7
2633,3372,0.823,0.733,0.28029344568663006,0.5132599437268359,14,18,1,7,11,26,7,7
2633,3373,0.909,0.714,0.2556182188183651,0.4875026850908524,14,18,1,7,12,26,7,7
2633,3374,0.963,0.692,0.24005733209124203,0.4655749720212282,14,18,1,7,13,26,7,7
2633,3375,0.989,0.667,0.23377423302822986,0.4521204190767243,14,18,1,7,14,26,7,7
2633,3376,0.998,0.75,0.2332260682593511,0.44747873944324645,14,18,1,7,15,26,7,7
2633,3377,1,0.834,0.23514116597507873,0.44763750419073556,14,18,1,7,16,26,7,7
2633,3378,1,0.917,0.23951738723577887,0.4502973732311787,14,18,1,7,17,26,7,7
2633,3379,1,1,0.24916959477643263,0.4557027506873804,14,18,1,7,18,26,7,7
2633,3387,0.764,0.765,0.2856212411339162,0.5209429641599077,14,18,1,7,10,27,7,7
2633,3388,0.857,0.75,0.2603874251397731,0.4981767359294734,14,18,1,7,11,27,7,7
2633,3389,0.928,0.733,0.2407447403265378,0.47597358327923245,14,18,1,7,12,27,7,7
2633,3390,0.972,0.715,0.22902306580765508,0.4579207542613959,14,18,1,7,13,27,7,7
2633,3391,0.992,0.693,0.22448542124422088,0.4474648433484404,14,18,1,7,14,27,7,7
2633,3392,0.999,0.769,0.22385829442776073,0.4444724965150101,14,18,1,7,15,27,7,7
2633,3393,1,0.847,0.22602690889728516,0.44578483849391404,14,18,1,7,16,27,7,7
2633,3394,1,0.924,0.23190941049396452,0.4498187332838782,14,18,1,7,17,27,7,7
2633,3395,1,1,0.24415696416859423,0.4569358095037378,14,18,1,7,18,27,7,7
2633,3404,0.802,0.778,0.2662813973378212,0.5067773711528055,14,18,1,7,10,28,7,7
2633,3405,0.883,0.765,0.2454865080447335,0.4865136320769422,14,18,1,7,11,28,7,7
2633,3406,0.943,0.75,0.2302203223287842,0.4675249259471205,14,18,1,7,12,28,7,7
2633,3407,0.978,0.734,0.22165270930236203,0.4528054676596619,14,18,1,7,13,28,7,7
2633,3408,0.994,0.715,0.21839174174311504,0.4449451497084369,14,18,1,7,14,28,7,7
2633,3409,0.999,0.786,0.2185944962154489,0.4435886528534413,14,18,1,7,15,28,7,7
2633,3410,1,0.858,0.2221627566750337,0.4462284120893587,14,18,1,7,16,28,7,7
2633,3411,1,0.929,0.23033700700316706,0.45174317557833465,14,18,1,7,17,28,7,7
2633,3412,1,1,0.24622662408370555,0.4605100459206347,14,18,1,7,18,28,7,7
2633,3422,0.834,0.79,0.25192382862873053,0.49564788481357003,14,18,1,7,10,29,7,7
2633,3423,0.904,0.778,0.23507032302581432,0.4777811002213216,14,18,1,7,11,29,7,7
2633,3424,0.954,0.765,0.2233427628953012,0.46167243003683234,14,18,1,7,12,29,7,7
2633,3425,0.983,0.75,0.21724076241400925,0.449829095076665,14,18,1,7,13,29,7,7
2633,3426,0.995,0.734,0.21536913928829038,0.4442293920539646,14,18,1,7,14,29,7,7
2633,3427,0.999,0.8,0.21698461623918908,0.44442524803990535,14,18,1,7,15,29,7,7
2633,3428,1,0.867,0.2225269563948048,0.4483865772154473,14,18,1,7,16,29,7,7
2633,3429,1,0.934,0.23358431666202328,0.45526285943008404,14,18,1,7,17,29,7,7
2633,3430,1,1,0.25220887483264065,0.46531253186436616,14,18,1,7,18,29,7,7
2633,3441,0.861,0.8,0.241665484316552,0.4871245134259209,14,18,1,7,10,30,7,7
2633,3442,0.921,0.79,0.2282469287837453,0.4714931130690142,14,18,1,7,11,30,7,7
2633,3443,0.963,0.778,0.21957316185428888,0.4579366263888214,14,18,1,7,12,30,7,7
2633,3444,0.986,0.765,0.21542655798111654,0.448566695031691,14,18,1,7,13,30,7,7
2633,3445,0.996,0.75,0.2149711665882721,0.44491748343502946,14,18,1,7,14,30,7,7
2633,3446,0.999,0.813,0.2182098442052285,0.4465018701533182,14,18,1,7,15,30,7,7
2633,3447,1,0.875,0.2255992621605234,0.45161822605270063,14,18,1,7,16,30,7,7
2633,3448,1,0.938,0.2384231700761652,0.4595304396929779,14,18,1,7,17,30,7,7
2633,3449,1,1,0.25868156564392386,0.47025363115557317,14,18,1,7,18,30,7,7
2633,3461,0.883,0.81,0.23491311267774106,0.48076598209786936,14,18,1,7,10,31,7,7
2633,3462,0.935,0.8,0.22450444839153527,0.4671738836189946,14,18,1,7,11,31,7,7
2633,3463,0.97,0.79,0.21808787749286807,0.45585413182246326,14,18,1,7,12,31,7,7
2633,3464,0.989,0.778,0.2154421102489963,0.4485965181847884,14,18,1,7,13,31,7,7
2633,3465,0.997,0.765,0.21628412831756372,0.44660204130223635,14,18,1,7,14,31,7,7
2633,3466,1,0.824,0.2208217823742613,0.44935800448728336,14,18,1,7,15,31,7,7
2633,3467,1,0.883,0.22966091186979665,0.4553701567398142,14,18,1,7,16,31,7,7
2633,3468,1,0.942,0.244139496110367,0.4638989198321447,14,18,1,7,17,31,7,7
2633,3469,1,1,0.2651750847347579,0.474646664245302,14,18,1,7,18,31,7,7
2633,3482,0.901,0.818,0.2309466892314288,0.47615565814156047,14,18,1,7,10,32,7,7
2633,3483,0.946,0.81,0.22272573692114916,0.4643954640777058,14,18,1,7,11,32,7,7
2633,3484,0.976,0.8,0.21796174823392933,0.4550199899548647,14,18,1,7,12,32,7,7
2633,3485,0.991,0.789,0.21648896123899375,0.4495527685368612,14,18,1,7,13,32,7,7
2633,3486,0.998,0.778,0.21846673074340128,0.4489318802464408,14,18,1,7,14,32,7,7
2633,3487,1,0.834,0.22438287987741057,0.45261073553846576,14,18,1,7,15,32,7,7
2633,3488,1,0.889,0.23473347677980227,0.4592061871400157,14,18,1,7,16,32,7,7
2633,3489,1,0.945,0.2500535382318665,0.46789656679935787,14,18,1,7,17,32,7,7
2633,3490,1,1,0.2703074166145655,0.4780712625552421,14,18,1,7,18,32,7,7
2633,3504,0.916,0.826,0.22864200283399716,0.47292689543427024,14,18,1,7,10,33,7,7
2633,3505,0.955,0.819,0.22208411891168434,0.4627943588713297,14,18,1,7,11,33,7,7
2633,3506,0.98,0.81,0.21859652642142569,0.4550961839593596,14,18,1,7,12,33,7,7
2633,3507,0.993,0.8,0.21834758906536655,0.4511291947021957,14,18,1,7,13,33,7,7
2633,3508,0.998,0.79,0.2217671937065362,0.45161132600071663,14,18,1,7,14,33,7,7
2633,3509,1,0.842,0.22891361395327048,0.4559456149353246,14,18,1,7,15,33,7,7
2633,3510,1,0.895,0.23996533398621456,0.46279136419658884,14,18,1,7,16,33,7,7
2633,3511,1,0.948,0.25509294038755703,0.4712128658983836,14,18,1,7,17,33,7,7
2633,3512,1,1,0.27356345231392254,0.4803575459130486,14,18,1,7,18,33,7,7
2633,3527,0.929,0.833,0.22745753390525747,0.47077652791891933,14,18,1,7,10,34,7,7
2633,3528,0.963,0.826,0.2224028603792012,0.46207842461859505,14,18,1,7,11,34,7,7
2633,3529,0.984,0.819,0.22024024497825867,0.45581598554983904,14,18,1,7,12,34,7,7
2633,3530,0.994,0.81,0.22128284312740598,0.4530870328717538,14,18,1,7,13,34,7,7
2633,3531,0.999,0.8,0.22574858653408714,0.4544162154012149,14,18,1,7,14,34,7,7
2633,3532,1,0.85,0.23362324010901858,0.4591424187204689,14,18,1,7,15,34,7,7
2633,3533,1,0.9,0.24490158656317673,0.46592999263604784,14,18,1,7,16,34,7,7
2633,3534,1,0.95,0.25919958531985277,0.4737442084091428,14,18,1,7,17,34,7,7
2633,3535,1,1,0.27566411805849844,0.4816090385133164,14,18,1,7,18,34,7,7
2633,3551,0.939,0.84,0.2274768258963048,0.46947512127098356,14,18,1,7,10,35,7,7
2633,3552,0.969,0.834,0.22372982558416232,0.4620366608863583,14,18,1,7,11,35,7,7
2633,3553,0.986,0.826,0.22272708753449455,0.45699810230933335,14,18,1,7,12,35,7,7
2633,3554,0.995,0.818,0.2248884963582175,0.4552789399599876,14,18,1,7,13,35,7,7
2633,3555,0.999,0.81,0.23021169841503863,0.4572308443200045,14,18,1,7,14,35,7,7
2633,3556,1,0.857,0.23862681946533815,0.4621249949070082,14,18,1,7,15,35,7,7
2633,3557,1,0.905,0.24982722138645552,0.46862458709680643,14,18,1,7,16,35,7,7
2633,3558,1,0.953,0.26321846648996894,0.4756469202600303,14,18,1,7,17,35,7,7
2633,3559,1,1,0.27755775249522685,0.48222119569214283,14,18,1,7,18,35,7,7
2633,3582,1,1,0.5078980159550874,0.549682595261047,14,18,1,7,10,14,10,7
2633,3583,1,1,0.5101868787053729,0.5604977430763696,14,18,1,7,11,14,10,7
2633,3584,1,1,0.5137205761978371,0.5792314545390627,14,18,1,7,12,14,10,7
2633,3585,1,1,0.517476550543506,0.6024639663126071,14,18,1,7,13,14,10,7
2633,3586,0.983,0.875,0.5109574867954144,0.5460724399054155,14,18,1,7,10,15,10,7
2633,3587,0.951,0.858,0.5275736523011147,0.56963142142993906,14,18,1,7,11,15,10,7
2633,3588,0.857,0.834,0.5678252229876108,0.6131002168142757,14,18,1,7,12,15,10,7
2633,3589,0.584,0.8,0.649070319265866,0.6976319348743099,14,18,1,7,13,15,10,7
2633,3590,0.374,0.75,0.6701489582680095,0.731258067324438,14,18,1,7,14,15,10,7
2633,3591,0.765,0.75,0.6073075728460979,0.630092378965788,14,18,1,7,10,16,10,7
2633,3592,0.599,0.715,0.7061141966037048,0.6970113461771628,14,18,1,7,11,16,10,7
2633,3593,0.337,0.667,0.8295545513776821,0.7962948964475003,14,18,1,7,12,16,10,7
2633,3594,0.184,0.6,0.8769908739920331,0.8812786356698759,14,18,1,7,13,16,10,7
2633,3595,0.471,0.5,0.7157600185701884,0.7609285482677717,14,18,1,7,14,16,10,7
2633,3596,0.75,0.751,0.5743542693540392,0.656270336820196,14,18,1,7,15,16,10,7
2633,3597,0.353,0.625,0.7523452914685105,0.7547737144518785,14,18,1,7,10,17,10,7
2633,3598,0.183,0.572,0.8759115150722745,0.836069339783601,14,18,1,7,11,17,10,7
2633,3599,0.21,0.5,0.8640562145083565,0.8941895831466958,14,18,1,7,12,17,10,7
2633,3600,0.464,0.4,0.7541613514148955,0.8086496521187361,14,18,1,7,13,17,10,7
2633,3601,0.733,0.25,0.6327170560887887,0.6763174230914961,14,18,1,7,14,17,10,7
2633,3602,0.907,0.501,0.5443715680473786,0.6050359133069307,14,18,1,7,15,17,10,7
2633,3603,0.982,0.751,0.5172737162747837,0.5926801156879127,14,18,1,7,16,17,10,7
2633,3604,0.256,0.5,0.7751065062189832,0.8086062766304102,14,18,1,7,10,18,10,7
2633,3605,0.295,0.429,0.7485821188992214,0.8224092628271447,14,18,1,7,11,18,10,7
2633,3606,0.469,0.333,0.6668915472511014,0.7733120725666993,14,18,1,7,12,18,10,7
2633,3607,0.7,0.2,0.5670511368689756,0.6784061101539616,14,18,1,7,13,18,10,7
2633,3608,0.873,0,0.50477103797833,0.5922249040195416,14,18,1,7,14,18,10,7
2633,3609,0.965,0.25,0.5034740979928545,0.5516650137004684,14,18,1,7,15,18,10,7
2633,3610,0.996,0.5,0.506148963103435,0.5511598793350128,14,18,1,7,16,18,10,7
2633,3611,1,0.75,0.5124756767142706,0.5795408872643839,14,18,1,7,17,18,10,7
2633,3612,0.347,0.556,0.6579259725329083,0.7597377355646808,14,18,1,7,10,19,10,7
2633,3613,0.471,0.5,0.5991635240170761,0.7266158650218583,14,18,1,7,11,19,10,7
2633,3614,0.657,0.429,0.5205254061476876,0.6650957727162822,14,18,1,7,12,19,10,7
2633,3615,0.828,0.334,0.4522738065067552,0.5933264414447319,14,18,1,7,13,19,10,7
2633,3616,0.936,0.2,0.41829369503145986,0.5403857130337855,14,18,1,7,14,19,10,7
2633,3617,0.985,0.4,0.4237940083602453,0.5203757115306615,14,18,1,7,15,19,10,7
2633,3618,0.999,0.6,0.4661940863045294,0.5243798495073368,14,18,1,7,16,19,10,7
2633,3619,1,0.8,0.5031432221277333,0.5427362138389917,14,18,1,7,17,19,10,7
2633,3620,1,1,0.5129629815166101,0.5798508627015149,14,18,1,7,18,19,10,7
2633,3621,0.476,0.6,0.5445420594197964,0.6888749549956287,14,18,1,7,10,20,10,7
2633,3622,0.622,0.556,0.485181863834636,0.6468765132349006,14,18,1,7,11,20,10,7
2633,3623,0.779,0.5,0.42457480597535147,0.5935831138235408,14,18,1,7,12,20,10,7
2633,3624,0.899,0.429,0.3802068767682657,0.5424372199359033,14,18,1,7,13,20,10,7
2633,3625,0.966,0.333,0.36199271425064294,0.5101428188159323,14,18,1,7,14,20,10,7
2633,3626,0.993,0.5,0.3721595744223236,0.5011063701324184,14,18,1,7,15,20,10,7
2633,3627,0.999,0.667,0.4120022606033822,0.5081962951017991,14,18,1,7,16,20,10,7
2633,3628,1,0.834,0.4882291833577844,0.525943406786741,14,18,1,7,17,20,10,7
2633,3629,1,1,0.5058895114180726,0.5492968402878805,14,18,1,7,18,20,10,7
2633,3631,0.598,0.637,0.4535335666908338,0.6292437895720633,14,18,1,7,10,21,10,7
2633,3632,0.735,0.6,0.40366749998312124,0.5898506981380989,14,18,1,7,11,21,10,7
2633,3633,0.857,0.556,0.36066514563644514,0.5473834522140355,14,18,1,7,12,21,10,7
2633,3634,0.939,0.5,0.3339211283711164,0.5116928856505105,14,18,1,7,13,21,10,7
2633,3635,0.981,0.429,0.32758221400531407,0.4923983383148395,14,18,1,7,14,21,10,7
2633,3636,0.996,0.572,0.34310515966408084,0.4897469165017335,14,18,1,7,15,21,10,7
2633,3637,1,0.715,0.3785551158646959,0.497115888453032,14,18,1,7,16,21,10,7
2633,3638,1,0.858,0.42698524195529297,0.5081866216229671,14,18,1,7,17,21,10,7
2633,3639,1,1,0.48280563575226454,0.520479195213446,14,18,1,7,18,21,10,7
2633,3642,0.698,0.667,0.3855499402286817,0.5837774228346675,14,18,1,7,10,22,10,7
2633,3643,0.815,0.637,0.34654743967765345,0.549825482714865,14,18,1,7,11,22,10,7
2633,3644,0.906,0.6,0.31699778536020284,0.5168365509387132,14,18,1,7,12,22,10,7
2633,3645,0.963,0.556,0.3019368161000461,0.4918089675237599,14,18,1,7,13,22,10,7
2633,3646,0.989,0.5,0.30292118467076545,0.47989755054288896,14,18,1,7,14,22,10,7
2633,3647,0.998,0.625,0.31780180474512043,0.47910688212418295,14,18,1,7,15,22,10,7
2633,3648,1,0.75,0.34100880722545746,0.4834993260263084,14,18,1,7,16,22,10,7
2633,3649,1,0.875,0.3671327986707901,0.4892695346827275,14,18,1,7,17,22,10,7
2633,3650,1,1,0.3995374848643808,0.49722390360595203,14,18,1,7,18,22,10,7
2633,3654,0.776,0.692,0.3353344367823339,0.5492086024648185,14,18,1,7,10,23,10,7
2633,3655,0.87,0.667,0.3059895147630617,0.5206982431061098,14,18,1,7,11,23,10,7
2633,3656,0.938,0.637,0.2860101429343558,0.4950187811420874,14,18,1,7,12,23,10,7
2633,3657,0.976,0.6,0.2780978110867719,0.47695404264017494,14,18,1,7,13,23,10,7
2633,3658,0.994,0.556,0.281507329434167,0.4688879253719841,14,18,1,7,14,23,10,7
2633,3659,0.999,0.667,0.2920098050658422,0.4681470916324352,14,18,1,7,15,23,10,7
2633,3660,1,0.778,0.30493576668797095,0.47052356022471065,14,18,1,7,16,23,10,7
2633,3661,1,0.889,0.3199248624331731,0.4744090509221922,14,18,1,7,17,23,10,7
2633,3662,1,1,0.3404627820659448,0.48061369382413455,14,18,1,7,18,23,10,7
2633,3667,0.834,0.714,0.29802555732867364,0.522304686135689,14,18,1,7,10,24,10,7
2633,3668,0.909,0.693,0.27621997715386404,0.4985207256492673,14,18,1,7,11,24,10,7
2633,3669,0.958,0.667,0.2628442363790314,0.47832676755237946,14,18,1,7,12,24,10,7
2633,3670,0.985,0.636,0.25851018559095407,0.4648711995512138,14,18,1,7,13,24,10,7
2633,3671,0.996,0.6,0.2609546284498936,0.458982635241164,14,18,1,7,14,24,10,7
2633,3672,0.999,0.7,0.26650162269053046,0.45819208658172883,14,18,1,7,15,24,10,7
2633,3673,1,0.8,0.2735651572808915,0.45975763464231656,14,18,1,7,16,24,10,7
2633,3674,1,0.9,0.28287306914301025,0.4629548142303739,14,18,1,7,17,24,10,7
2633,3675,1,1,0.29742480084827605,0.46831106588782057,14,18,1,7,18,24,10,7
2633,3681,0.878,0.733,0.26995220942642495,0.5010628832582711,14,18,1,7,10,25,10,7
2633,3682,0.935,0.714,0.25395448790106046,0.4813246999174189,14,18,1,7,11,25,10,7
2633,3683,0.972,0.692,0.2448649785938306,0.46541345980827664,14,18,1,7,12,25,10,7
2633,3684,0.99,0.667,0.24203667741461898,0.4553496046217923,14,18,1,7,13,25,10,7
2633,3685,0.998,0.637,0.24301076147917477,0.45121099420708755,14,18,1,7,14,25,10,7
2633,3686,1,0.727,0.24599940186161906,0.45103297314916224,14,18,1,7,15,25,10,7
2633,3687,1,0.819,0.25100151681241445,0.45309930983853874,14,18,1,7,16,25,10,7
2633,3688,1,0.91,0.2595353059635538,0.45718998850443404,14,18,1,7,17,25,10,7
2633,3689,1,1,0.274421655674274,0.4639535734977659,14,18,1,7,18,25,10,7
2633,3696,0.909,0.75,0.24941666072061253,0.48469850605997356,14,18,1,7,10,26,10,7
2633,3697,0.954,0.733,0.2378352991198217,0.4685535338088672,14,18,1,7,11,26,10,7
2633,3698,0.98,0.714,0.2316753622114286,0.4562441786292658,14,18,1,7,12,26,10,7
2633,3699,0.994,0.692,0.2297061562249333,0.44905181875298283,14,18,1,7,13,26,10,7
2633,3700,0.999,0.667,0.23017555881033103,0.4467461603626013,14,18,1,7,14,26,10,7
2633,3701,1,0.75,0.23290504918289823,0.44785032449491613,14,18,1,7,15,26,10,7
2633,3702,1,0.834,0.23871644927205582,0.4513022122829392,14,18,1,7,16,26,10,7
2633,3703,1,0.917,0.2495598641039457,0.4571537985466809,14,18,1,7,17,26,10,7
2633,3704,1,1,0.2680467538645622,0.46607964478871744,14,18,1,7,18,26,10,7
2633,3712,0.932,0.765,0.23481792887844544,0.47272314189868014,14,18,1,7,10,27,10,7
2633,3713,0.967,0.75,0.22673987558683806,0.45979831478455113,14,18,1,7,11,27,10,7
2633,3714,0.986,0.733,0.22273927691315243,0.45060127322988686,14,18,1,7,12,27,10,7
2633,3715,0.996,0.715,0.22153929957344198,0.44594413455327464,14,18,1,7,13,27,10,7
2633,3716,0.999,0.693,0.22298053126651796,0.44550115188404793,14,18,1,7,14,27,10,7
2633,3717,1,0.769,0.22736918795230288,0.44817982718978455,14,18,1,7,15,27,10,7
2633,3718,1,0.847,0.2357811612352968,0.45332513122633467,14,18,1,7,16,27,10,7
2633,3719,1,0.924,0.2504552677980858,0.4611130703911176,14,18,1,7,17,27,10,7
2633,3720,1,1,0.27401702736468114,0.4721208211800044,14,18,1,7,18,27,10,7
2633,3729,0.949,0.778,0.2254540399874655,0.4645419431785959,14,18,1,7,10,28,10,7
2633,3730,0.976,0.765,0.22002683793255517,0.45447565647036803,14,18,1,7,11,28,10,7
2633,3731,0.99,0.75,0.21764179024912722,0.44797620787651304,14,18,1,7,12,28,10,7
2633,3732,0.997,0.734,0.21798694090471682,0.445566753307284,14,18,1,7,13,28,10,7
2633,3733,0.999,0.715,0.22123563137145696,0.44691848513288956,14,18,1,7,14,28,10,7
2633,3734,1,0.786,0.22815333472407628,0.45121563183847757,14,18,1,7,15,28,10,7
2633,3735,1,0.858,0.24027465932555203,0.45803229755758934,14,18,1,7,16,28,10,7
2633,3736,1,0.929,0.25934455921361743,0.4675169190473424,14,18,1,7,17,28,10,7
2633,3737,1,1,0.2870289556383253,0.47992835387928245,14,18,1,7,18,28,10,7
2633,3747,0.962,0.79,0.22028171301802013,0.4595161377685858,14,18,1,7,10,29,10,7
2633,3748,0.982,0.778,0.21696579455527787,0.45195925172920137,14,18,1,7,11,29,10,7
2633,3749,0.993,0.765,0.21633854273278885,0.4477902582083836,14,18,1,7,12,29,10,7
2633,3750,0.998,0.75,0.21860806449839654,0.44734994075514034,14,18,1,7,13,29,10,7
2633,3751,1,0.734,0.22432574015073437,0.4503242051020554,14,18,1,7,14,29,10,7
2633,3752,1,0.8,0.23405623204209136,0.4560575704900758,14,18,1,7,15,29,10,7
2633,3753,1,0.867,0.248917866821465,0.46418037887497654,14,18,1,7,16,29,10,7
2633,3754,1,0.934,0.2702548574254233,0.4746252379045123,14,18,1,7,17,29,10,7
2633,3755,1,1,0.29922084653595693,0.48711455876192944,14,18,1,7,18,29,10,7
2633,3766,0.971,0.8,0.21844485026039284,0.45697465581757946,14,18,1,7,10,30,10,7
2633,3767,0.987,0.79,0.2168969984194824,0.45158058529289946,14,18,1,7,11,30,10,7
2633,3768,0.995,0.778,0.21802539465897086,0.44938202521528925,14,18,1,7,12,30,10,7
2633,3769,0.999,0.765,0.2221499761812169,0.45058802882144366,14,18,1,7,13,30,10,7
2633,3770,1,0.75,0.22966944264639522,0.45487557357030095,14,18,1,7,14,30,10,7
2633,3771,1,0.813,0.24140909088121987,0.46163855583826785,14,18,1,7,15,30,10,7
2633,3772,1,0.875,0.2582515435195629,0.4704247310575037,14,18,1,7,16,30,10,7
2633,3773,1,0.938,0.2806389674661993,0.48084777809863455,14,18,1,7,17,30,10,7
2633,3774,1,1,0.308233098670214,0.4921419397371892,14,18,1,7,18,30,10,7
2633,3786,0.978,0.81,0.21874524924432248,0.4562766949550714,14,18,1,7,10,31,10,7
2633,3787,0.99,0.8,0.21862271737051342,0.45271049853175904,14,18,1,7,11,31,10,7
2633,3788,0.996,0.79,0.2212464694939853,0.4521301785427163,14,18,1,7,12,31,10,7
2633,3789,0.999,0.778,0.22700969143991034,0.4546298969336068,14,18,1,7,13,31,10,7
2633,3790,1,0.765,0.2363376469510452,0.45984040603743404,14,18,1,7,14,31,10,7
2633,3791,1,0.824,0.24969962832946835,0.4671196528724417,14,18,1,7,15,31,10,7
2633,3792,1,0.883,0.2672128080698627,0.4758608820759225,14,18,1,7,16,31,10,7
2633,3793,1,0.942,0.28842479393564724,0.48538949820308797,14,18,1,7,17,31,10,7
2633,3794,1,1,0.31240627640927954,0.4947062028479845,14,18,1,7,18,31,10,7
2633,3807,0.983,0.818,0.2201670088061164,0.45687622548719553,14,18,1,7,10,32,10,7
2633,3808,0.993,0.81,0.22153962766116353,0.4548160980740833,14,18,1,7,11,32,10,7
2633,3809,0.997,0.8,0.22584202512518803,0.4555037895393351,14,18,1,7,12,32,10,7
2633,3810,0.999,0.789,0.2331832501886345,0.4589174283267873,14,18,1,7,13,32,10,7
2633,3811,1,0.778,0.24367185614210696,0.464608261381644,14,18,1,7,14,32,10,7
2633,3812,1,0.834,0.2573486786675948,0.4718532210970754,14,18,1,7,15,32,10,7
2633,3813,1,0.889,0.2738420173603069,0.47989947564864455,14,18,1,7,16,32,10,7
2633,3814,1,0.945,0.2924928829539132,0.4879243482058354,14,18,1,7,17,32,10,7
2633,3815,1,1,0.31185801094523824,0.4949932418422245,14,18,1,7,18,32,10,7
2633,3829,0.987,0.826,0.22303339856247129,0.45831692010901637,14,18,1,7,10,33,10,7
2633,3830,0.995,0.819,0.22591702476050124,0.45744966633159223,14,18,1,7,11,33,10,7
2633,3831,0.998,0.81,0.23139179361819462,0.45905546990098667,14,18,1,7,12,33,10,7
2633,3832,0.999,0.8,0.23954674882367644,0.46299347015546055,14,18,1,7,13,33,10,7
2633,3833,1,0.79,0.25028637390454267,0.4687233836134128,14,18,1,7,14,33,10,7
2633,3834,1,0.842,0.2632456507687907,0.4754481534508186,14,18,1,7,15,33,10,7
2633,3835,1,0.895,0.2780032495751201,0.482348823255486,14,18,1,7,16,33,10,7
2633,3836,1,0.948,0.2934937806872857,0.4886356139439102,14,18,1,7,17,33,10,7
2633,3837,1,1,0.3082732632657419,0.49364383117924315,14,18,1,7,18,33,10,7
2633,3852,0.99,0.833,0.22693429794657471,0.4602476817395458,14,18,1,7,10,34,10,7
2633,3853,0.996,0.826,0.23087127837956745,0.4602770873098879,14,18,1,7,11,34,10,7
2633,3854,0.999,0.819,0.23715487420374148,0.4624720969952625,14,18,1,7,12,34,10,7
2633,3855,1,0.81,0.2456287137378097,0.466580662027541,14,18,1,7,13,34,10,7
2633,3856,1,0.8,0.25602872324650106,0.4719884853586215,14,18,1,7,14,34,10,7
2633,3857,1,0.85,0.26796012179474127,0.4778755953662841,14,18,1,7,15,34,10,7
2633,3858,1,0.9,0.2805629338514676,0.48346582725271936,14,18,1,7,16,34,10,7
2633,3859,1,0.95,0.2927853476757061,0.48814135575508966,14,18,1,7,17,34,10,7
2633,3860,1,1,0.3036715007082055,0.4915668615783111,14,18,1,7,18,34,10,7
2633,3876,0.992,0.84,0.23170831616908039,0.4624715473705956,14,18,1,7,10,35,10,7
2633,3877,0.997,0.834,0.23653945336177395,0.4631451611129288,14,18,1,7,11,35,10,7
2633,3878,0.999,0.826,0.24337687748516823,0.46566389873886305,14,18,1,7,12,35,10,7
2633,3879,1,0.818,0.25191487629200304,0.4696885370630889,14,18,1,7,13,35,10,7
2633,3880,1,0.81,0.26185644639961925,0.474572972006565,14,18,1,7,14,35,10,7
2633,3881,1,0.857,0.2725105463413491,0.47954380154970666,14,18,1,7,15,35,10,7
2633,3882,1,0.905,0.28312379830846046,0.4839571821710109,14,18,1,7,16,35,10,7
2633,3883,1,0.953,0.29297418335934444,0.4874249146312899,14,18,1,7,17,35,10,7
2633,3884,1,1,0.30141905181300654,0.4898928415282263,14,18,1,7,18,35,10,7
2633,3907,1,1,0.5164943741410386,0.5951978127830919,14,18,1,7,10,14,1,10
2633,3908,1,1,0.5158975184597383,0.5908115622155432,14,18,1,7,11,14,1,10
2633,3909,1,1,0.5164269003366354,0.5945701804973478,14,18,1,7,12,14,1,10
2633,3910,1,1,0.5187223045167502,0.610966515146263,14,18,1,7,13,14,1,10
2633,3911,1,0.875,0.5146207041454103,0.5836428810767428,14,18,1,7,10,15,1,10
2633,3912,1,0.858,0.5134005649882414,0.5763099174457433,14,18,1,7,11,15,1,10
2633,3913,1,0.834,0.5134175392569917,0.5771826427201978,14,18,1,7,12,15,1,10
2633,3914,0.998,0.8,0.5163078472320188,0.5936716095386898,14,18,1,7,13,15,1,10
2633,3915,0.616,0.75,0.5792727000726624,0.6762292247474828,14,18,1,7,14,15,1,10
2633,3916,1,0.75,0.5125650689253289,0.5730247386067906,14,18,1,7,10,16,1,10
2633,3917,1,0.715,0.510947979590036,0.5650922104209837,14,18,1,7,11,16,1,10
2633,3918,0.997,0.667,0.5116832027902054,0.5687146461429076,14,18,1,7,12,16,1,10
2633,3919,0.961,0.6,0.52802688504291,0.6018514252757448,14,18,1,7,13,16,1,10
2633,3920,0.436,0.5,0.6795816684045914,0.7558498613807683,14,18,1,7,14,16,1,10
2633,3921,0.542,0.751,0.6028196404535152,0.6798335921282753,14,18,1,7,15,16,1,10
2633,3922,0.999,0.625,0.5107668499459599,0.5660224449227065,14,18,1,7,10,17,1,10
2633,3923,0.997,0.572,0.5099470365234304,0.561155585622911,14,18,1,7,11,17,1,10
2633,3924,0.981,0.5,0.516751570705247,0.5742568932748668,14,18,1,7,12,17,1,10
2633,3925,0.875,0.4,0.5667260273474488,0.6335375335515926,14,18,1,7,13,17,1,10
2633,3926,0.29,0.25,0.7872515017553825,0.8403052999549516,14,18,1,7,14,17,1,10
2633,3927,0.555,0.501,0.650193072302234,0.6980695760939828,14,18,1,7,15,17,1,10
2633,3928,0.945,0.751,0.5258446769539373,0.61628941327572,14,18,1,7,16,17,1,10
2633,3929,0.996,0.5,0.5104761601264205,0.5643012404831527,14,18,1,7,10,18,1,10
2633,3930,0.986,0.429,0.5133514833035293,0.5653108382939048,14,18,1,7,11,18,1,10
2633,3931,0.944,0.333,0.5338269996347087,0.5907635971593124,14,18,1,7,12,18,1,10
2633,3932,0.763,0.2,0.6248926612874846,0.6737341358339634,14,18,1,7,13,18,1,10
2633,3933,0.159,0,0.8876924026916786,0.9188999260564968,14,18,1,7,14,18,1,10
2633,3934,0.62,0.25,0.6606612612275602,0.6943276906651503,14,18,1,7,15,18,1,10
2633,3935,0.965,0.5,0.5206227031754076,0.5922776206525189,14,18,1,7,16,18,1,10
2633,3936,1,0.75,0.514970888063686,0.5917086879662515,14,18,1,7,17,18,1,10
2633,3937,0.988,0.556,0.5135068905103429,0.567605369941171,14,18,1,7,10,19,1,10
2633,3938,0.964,0.5,0.5235616288104576,0.5755067724235742,14,18,1,7,11,19,1,10
2633,3939,0.886,0.429,0.5632573606032145,0.6125584794220555,14,18,1,7,12,19,1,10
2633,3940,0.64,0.334,0.692019958563677,0.7117520333802495,14,18,1,7,13,19,1,10
2633,3941,0.036,0.2,0.9770640426314945,0.9852623465100698,14,18,1,7,14,19,1,10
2633,3942,0.687,0.4,0.6537605848617825,0.678073583054289,14,18,1,7,15,19,1,10
2633,3943,0.974,0.6,0.5148949719454681,0.5702005214579519,14,18,1,7,16,19,1,10
2633,3944,1,0.8,0.5083133014226144,0.5622828490069226,14,18,1,7,17,19,1,10
2633,3945,1,1,0.5142175333757757,0.5870100734881012,14,18,1,7,18,19,1,10
2633,3946,0.972,0.6,0.5212319534892356,0.5745676278245875,14,18,1,7,10,20,1,10
2633,3947,0.929,0.556,0.5412644271439309,0.5889396903201003,14,18,1,7,11,20,1,10
2633,3948,0.812,0.5,0.5938242839212853,0.6349203081971944,14,18,1,7,12,20,1,10
2633,3949,0.514,0.429,0.74533643024158,0.7416755959733838,14,18,1,7,13,20,1,10
2633,3950,0.073,0.333,0.9408824145937669,0.9483469791101421,14,18,1,7,14,20,1,10
2633,3951,0.729,0.5,0.6165357790342674,0.657722167536499,14,18,1,7,15,20,1,10
2633,3952,0.978,0.667,0.4989567253706566,0.5520102817421102,14,18,1,7,16,20,1,10
2633,3953,1,0.834,0.5018409836968549,0.5411670304467207,14,18,1,7,17,20,1,10
2633,3954,1,1,0.5076978971624266,0.5577061066049952,14,18,1,7,18,20,1,10
2633,3956,0.947,0.637,0.5341254925346455,0.583584670310621,14,18,1,7,10,21,1,10
2633,3957,0.881,0.6,0.5422901709572803,0.6032212931426837,14,18,1,7,11,21,1,10
2633,3958,0.726,0.556,0.6041271308051872,0.6548492202746385,14,18,1,7,12,21,1,10
2633,3959,0.405,0.5,0.7603626287095238,0.7611172016320084,14,18,1,7,13,21,1,10
2633,3960,0.155,0.429,0.8703105692251537,0.8972747613648083,14,18,1,7,14,21,1,10
2633,3961,0.757,0.572,0.5678974285898625,0.6375928792277953,14,18,1,7,15,21,1,10
2633,3962,0.981,0.715,0.45029870011464757,0.5372823809360886,14,18,1,7,16,21,1,10
2633,3963,1,0.858,0.46934020785768327,0.5251017489831068,14,18,1,7,17,21,1,10
2633,3964,1,1,0.5019785838750122,0.5381825359834008,14,18,1,7,18,21,1,10
2633,3967,0.914,0.667,0.5345562896463818,0.5932893086325876,14,18,1,7,10,22,1,10
2633,3968,0.823,0.637,0.5426148621637059,0.6167071889667725,14,18,1,7,11,22,1,10
2633,3969,0.64,0.6,0.6159424247176508,0.6708311197214376,14,18,1,7,12,22,1,10
2633,3970,0.335,0.556,0.7591119694431188,0.7702508613307343,14,18,1,7,13,22,1,10
2633,3971,0.219,0.5,0.8080259626689,0.8536439351522951,14,18,1,7,14,22,1,10
2633,3972,0.778,0.625,0.5280952985628986,0.6192414624475627,14,18,1,7,15,22,1,10
2633,3973,0.982,0.75,0.4130133098324863,0.5251919045883677,14,18,1,7,16,22,1,10
2633,3974,1,0.875,0.4224897418240866,0.5126337204798874,14,18,1,7,17,22,1,10
2633,3975,1,1,0.4783744172062805,0.5234736726583161,14,18,1,7,18,22,1,10
2633,3979,0.873,0.692,0.5279315935628186,0.602693118905366,14,18,1,7,10,23,1,10
2633,3980,0.762,0.667,0.5464574919029765,0.6284305002727806,14,18,1,7,11,23,1,10
2633,3981,0.564,0.637,0.6238359940414575,0.6823926490415133,14,18,1,7,12,23,1,10
2633,3982,0.302,0.6,0.7450175039792084,0.7708925500896353,14,18,1,7,13,23,1,10
2633,3983,0.27,0.556,0.753138293578379,0.8164543374753442,14,18,1,7,14,23,1,10
2633,3984,0.794,0.667,0.4950261646091322,0.6029834012068928,14,18,1,7,15,23,1,10
2633,3985,0.984,0.778,0.38397793833669647,0.5151073286021635,14,18,1,7,16,23,1,10
2633,3986,1,0.889,0.3874881676062327,0.5026607935926344,14,18,1,7,17,23,1,10
2633,3987,1,1,0.43239580090577356,0.5114149926936133,14,18,1,7,18,23,1,10
2633,3992,0.828,0.714,0.5249786094150704,0.6111624191131557,14,18,1,7,10,24,1,10
2633,3993,0.701,0.693,0.5506313192763412,0.6379320585655782,14,18,1,7,11,24,1,10
2633,3994,0.503,0.667,0.6258881296164995,0.6897113091773082,14,18,1,7,12,24,1,10
2633,3995,0.292,0.636,0.7238999342076757,0.7654767599402783,14,18,1,7,13,24,1,10
2633,3996,0.312,0.6,0.7047280520928801,0.7845762278549728,14,18,1,7,14,24,1,10
2633,3997,0.807,0.7,0.4671011478834737,0.5886957831028112,14,18,1,7,15,24,1,10
2633,3998,0.984,0.8,0.3608532715832504,0.5065581769080262,14,18,1,7,16,24,1,10
2633,3999,1,0.9,0.36033964327888146,0.49438717898208984,14,18,1,7,17,24,1,10
2633,4000,1,1,0.3955250317934358,0.5011112937277749,14,18,1,7,18,24,1,10
2633,4006,0.781,0.733,0.5237330789988199,0.6183444917129595,14,18,1,7,10,25,1,10
2633,4007,0.645,0.714,0.5532011854160381,0.645097705980774,14,18,1,7,11,25,1,10
2633,4008,0.458,0.692,0.6225340183687517,0.6933156406691777,14,18,1,7,12,25,1,10
2633,4009,0.295,0.667,0.6995575584780316,0.7562454856601598,14,18,1,7,13,25,1,10
2633,4010,0.348,0.637,0.6619021394529083,0.7570397650925325,14,18,1,7,14,25,1,10
2633,4011,0.817,0.727,0.4430829341713709,0.5761304400160603,14,18,1,7,15,25,1,10
2633,4012,0.985,0.819,0.3419607038527399,0.4991925192971872,14,18,1,7,16,25,1,10
2633,4013,1,0.91,0.33856078414084845,0.487313151180099,14,18,1,7,17,25,1,10
2633,4014,1,1,0.3653680157941055,0.49216589825308543,14,18,1,7,18,25,1,10
2633,4021,0.735,0.75,0.5227836153642386,0.6240904630756312,14,18,1,7,10,26,1,10
2633,4022,0.596,0.733,0.5534178505320064,0.6500285391238338,14,18,1,7,11,26,1,10
2633,4023,0.425,0.714,0.6150540843864001,0.6938740632863967,14,18,1,7,12,26,1,10
2633,4024,0.304,0.692,0.6741568006319199,0.7448941947165562,14,18,1,7,13,26,1,10
2633,4025,0.379,0.667,0.6239574886208901,0.7330561490070204,14,18,1,7,14,26,1,10
2633,4026,0.826,0.75,0.4219599974407292,0.5650293387988867,14,18,1,7,15,26,1,10
2633,4027,0.986,0.834,0.32616512156739896,0.49275606789651893,14,18,1,7,16,26,1,10
2633,4028,1,0.917,0.3205883021740976,0.48113964268471765,14,18,1,7,17,26,1,10
2633,4029,1,1,0.34034289101492277,0.4843556552771152,14,18,1,7,18,26,1,10
2633,4037,0.692,0.765,0.5212935025659122,0.6283900534840827,14,18,1,7,10,27,1,10
2633,4038,0.554,0.75,0.5512177890393238,0.6529465528835445,14,18,1,7,11,27,1,10
2633,4039,0.403,0.733,0.6046939476315867,0.6920608072703411,14,18,1,7,12,27,1,10
2633,4040,0.314,0.715,0.6488566276368837,0.732564726721942,14,18,1,7,13,27,1,10
2633,4041,0.406,0.693,0.5902078346589791,0.7119980822462814,14,18,1,7,14,27,1,10
2633,4042,0.834,0.769,0.40290312989950183,0.5551670040849963,14,18,1,7,15,27,1,10
2633,4043,0.986,0.847,0.3123907616120095,0.48707184170060414,14,18,1,7,16,27,1,10
2633,4044,1,0.924,0.3053265230280511,0.47569140833794366,14,18,1,7,17,27,1,10
2633,4045,1,1,0.3194403341070201,0.47754613689096914,14,18,1,7,18,27,1,10
2633,4054,0.652,0.778,0.5188780217447075,0.6313215583715075,14,18,1,7,10,28,1,10
2633,4055,0.52,0.765,0.5469124863500989,0.6541301523348508,14,18,1,7,11,28,1,10
2633,4056,0.389,0.75,0.5925051715887346,0.6884834974684015,14,18,1,7,12,28,1,10
2633,4057,0.326,0.734,0.6242554722738616,0.7199760899774434,14,18,1,7,13,28,1,10
2633,4058,0.43,0.715,0.5601283476518877,0.6933745637982753,14,18,1,7,14,28,1,10
2633,4059,0.84,0.786,0.38584491584892855,0.5463617684284209,14,18,1,7,15,28,1,10
2633,4060,0.987,0.858,0.2998314115592061,0.48202005648471635,14,18,1,7,16,28,1,10
2633,4061,1,0.929,0.29198133549993877,0.47086690287079547,14,18,1,7,17,28,1,10
2633,4062,1,1,0.3019262201631874,0.47164647542180527,14,18,1,7,18,28,1,10
2633,4072,0.616,0.79,0.515395026553238,0.6330155260430289,14,18,1,7,10,29,1,10
2633,4073,0.492,0.778,0.5409548866968701,0.6538724951185251,14,18,1,7,11,29,1,10
2633,4074,0.381,0.765,0.5792351164346203,0.6836541900700602,14,18,1,7,12,29,1,10
2633,4075,0.336,0.75,0.6007376333822478,0.707563173167116,14,18,1,7,13,29,1,10
2633,4076,0.451,0.734,0.5332379812651358,0.6768038664023905,14,18,1,7,14,29,1,10
2633,4077,0.846,0.8,0.3706309270892685,0.5384716831183911,14,18,1,7,15,29,1,10
2633,4078,0.987,0.867,0.2887034940910371,0.47751835193001013,14,18,1,7,16,29,1,10
2633,4079,1,0.934,0.28019539265160787,0.4666010115973428,14,18,1,7,17,29,1,10
2633,4080,1,1,0.2871666792590645,0.46657274242286506,14,18,1,7,18,29,1,10
2633,4091,0.585,0.8,0.510897672382795,0.6336290453478528,14,18,1,7,10,30,1,10
2633,4092,0.471,0.79,0.5337195629096461,0.6524559411198989,14,18,1,7,11,30,1,10
2633,4093,0.378,0.778,0.5653805302732346,0.6779856553516038,14,18,1,7,12,30,1,10
2633,4094,0.346,0.765,0.5785034171142494,0.6955802770904689,14,18,1,7,13,30,1,10
2633,4095,0.47,0.75,0.5091081907556256,0.6619874446927188,14,18,1,7,14,30,1,10
2633,4096,0.851,0.813,0.3570535573935649,0.5313846790220356,14,18,1,7,15,30,1,10
2633,4097,0.987,0.875,0.2789811825076939,0.4735053248332256,14,18,1,7,16,30,1,10
2633,4098,1,0.938,0.26992954504569644,0.4628417652367862,14,18,1,7,17,30,1,10
2633,4099,1,1,0.27463013199641495,0.4622363153432518,14,18,1,7,18,30,1,10
2633,4111,0.557,0.81,0.5055503669557848,0.6333277181134451,14,18,1,7,10,31,1,10
2633,4112,0.454,0.8,0.5255370991849808,0.6501373815315339,14,18,1,7,11,31,1,10
2633,4113,0.377,0.79,0.5513276113924781,0.6717999707069806,14,18,1,7,12,31,1,10
2633,4114,0.355,0.778,0.5576397746679735,0.6841687163178174,14,18,1,7,13,31,1,10
2633,4115,0.488,0.765,0.48741181970836045,0.6486877511352727,14,18,1,7,14,31,1,10
2633,4116,0.856,0.824,0.3449119565040686,0.5250091468346316,14,18,1,7,15,31,1,10
2633,4117,0.988,0.883,0.27052974316445233,0.4699304389067972,14,18,1,7,16,31,1,10
2633,4118,1,0.942,0.2611002571459887,0.459541375886934,14,18,1,7,17,31,1,10
2633,4119,1,1,0.2639979394426415,0.45854842234097504,14,18,1,7,18,31,1,10
2633,4132,0.534,0.818,0.49952874315178053,0.6322733588463182,14,18,1,7,10,32,1,10
2633,4133,0.441,0.81,0.5167214304280392,0.6471410473020233,14,18,1,7,11,32,1,10
2633,4134,0.378,0.8,0.537418549140611,0.6653418050759821,14,18,1,7,12,32,1,10
2633,4135,0.363,0.789,0.5381275526156233,0.673398955773138,14,18,1,7,13,32,1,10
2633,4136,0.504,0.778,0.46787455427423885,0.6367115664922824,14,18,1,7,14,32,1,10
2633,4137,0.86,0.834,0.3340746095795101,0.5192675764747591,14,18,1,7,15,32,1,10
2633,4138,0.988,0.889,0.2631776009820713,0.4667496133197757,14,18,1,7,16,32,1,10
2633,4139,1,0.945,0.25344613447050557,0.4566547814885634,14,18,1,7,17,32,1,10
2633,4140,1,1,0.2550893393206697,0.455425666022772,14,18,1,7,18,32,1,10
2633,4154,0.514,0.826,0.49298423562284843,0.6306161478317485,14,18,1,7,10,33,1,10
2633,4155,0.431,0.819,0.5075545075045509,0.6436563552422082,14,18,1,7,11,33,1,10
2633,4156,0.381,0.81,0.5238594544168889,0.6587925085085897,14,18,1,7,12,33,1,10
2633,4157,0.371,0.8,0.519949265965913,0.6632969222823737,14,18,1,7,13,33,1,10
2633,4158,0.518,0.79,0.4502594691145927,0.625898503655627,14,18,1,7,14,33,1,10
2633,4159,0.864,0.842,0.3243910071163909,0.5140929660818638,14,18,1,7,15,33,1,10
2633,4160,0.988,0.895,0.2567656092678483,0.46392369261450594,14,18,1,7,16,33,1,10
2633,4161,1,0.948,0.2468219179344715,0.4541399493399644,14,18,1,7,17,33,1,10
2633,4162,1,1,0.24766698067597726,0.4527925876993183,14,18,1,7,18,33,1,10
2633,4177,0.497,0.833,0.48608535068579983,0.6284902256051814,14,18,1,7,10,34,1,10
2633,4178,0.424,0.826,0.49826535304844266,0.6398390719985798,14,18,1,7,11,34,1,10
2633,4179,0.384,0.819,0.5107731509187978,0.6522832588792435,14,18,1,7,12,34,1,10
2633,4180,0.378,0.81,0.5030678639564982,0.653860762827144,14,18,1,7,13,34,1,10
2633,4181,0.532,0.8,0.43437391179140394,0.6161132990726442,14,18,1,7,14,34,1,10
2633,4182,0.867,0.85,0.31575014732468043,0.5094267575288796,14,18,1,7,15,34,1,10
2633,4183,0.988,0.9,0.25108878966173165,0.46141770840771035,14,18,1,7,16,34,1,10
2633,4184,1,0.95,0.24117870829217258,0.45195803345073715,14,18,1,7,17,34,1,10
2633,4185,1,1,0.24147097933064698,0.4505822136342744,14,18,1,7,18,34,1,10
2633,4201,0.484,0.84,0.4789863558081823,0.6260118701413948,14,18,1,7,10,35,1,10
2633,4202,0.42,0.834,0.48900208428117486,0.6358144214280808,14,18,1,7,11,35,1,10
2633,4203,0.388,0.826,0.49821128916259205,0.6459064409381006,14,18,1,7,12,35,1,10
2633,4204,0.385,0.818,0.487454239749734,0.6450716868278203,14,18,1,7,13,35,1,10
2633,4205,0.544,0.81,0.420025374250922,0.6072404773884971,14,18,1,7,14,35,1,10
2633,4206,0.87,0.857,0.3079763036912355,0.5052173988413782,14,18,1,7,15,35,1,10
2633,4207,0.989,0.905,0.24611393121486158,0.45920023322019976,14,18,1,7,16,35,1,10
2633,4208,1,0.953,0.23639049187209882,0.45007327710388656,14,18,1,7,17,35,1,10
2633,4209,1,1,0.2363051076411955,0.4487356456220267,14,18,1,7,18,35,1,10
2633,4232,1,1,0.5122668299213524,0.5701331599223244,14,18,1,7,10,14,4,10
2633,4233,1,1,0.5122047786299716,0.5697656877100534,14,18,1,7,11,14,4,10
2633,4234,1,1,0.5138382135433992,0.5791422293550155,14,18,1,7,12,14,4,10
2633,4235,1,1,0.5177527876241,0.6041291596434125,14,18,1,7,13,14,4,10
2633,4236,1,0.875,0.5083816130857509,0.5517345945958942,14,18,1,7,10,15,4,10
2633,4237,1,0.858,0.5081229000271907,0.5512054053378249,14,18,1,7,11,15,4,10
2633,4238,0.998,0.834,0.5104797231919805,0.5622076244767231,14,18,1,7,12,15,4,10
2633,4239,0.962,0.8,0.525966687733562,0.5946816786478095,14,18,1,7,13,15,4,10
2633,4240,0.403,0.75,0.6409918128946127,0.7117592488595479,14,18,1,7,14,15,4,10
2633,4241,0.998,0.75,0.5053841691940101,0.5415282675775577,14,18,1,7,10,16,4,10
2633,4242,0.99,0.715,0.5090102106942148,0.5492136543667687,14,18,1,7,11,16,4,10
2633,4243,0.946,0.667,0.5314579333950057,0.5810908978448792,14,18,1,7,12,16,4,10
2633,4244,0.726,0.6,0.6282210583091454,0.6711007836663284,14,18,1,7,13,16,4,10
2633,4245,0.246,0.5,0.8013474875240096,0.8285306305176059,14,18,1,7,14,16,4,10
2633,4246,0.616,0.751,0.6040319379642097,0.677954016286745,14,18,1,7,15,16,4,10
2633,4247,0.977,0.625,0.5119670189053669,0.5500297158867846,14,18,1,7,10,17,4,10
2633,4248,0.93,0.572,0.5357757713790184,0.5759219830338514,14,18,1,7,11,17,4,10
2633,4249,0.786,0.5,0.6111361273099629,0.6407007360578942,14,18,1,7,12,17,4,10
2633,4250,0.424,0.4,0.7896840209037236,0.7816942875987094,14,18,1,7,13,17,4,10
2633,4251,0.233,0.25,0.8637647069415881,0.8776055942232671,14,18,1,7,14,17,4,10
2633,4252,0.731,0.501,0.6119831374184808,0.6664870804604304,14,18,1,7,15,17,4,10
2633,4253,0.963,0.751,0.5222952168450978,0.6032756201428687,14,18,1,7,16,17,4,10
2633,4254,0.914,0.5,0.5071078064407314,0.5763330523228665,14,18,1,7,10,18,4,10
2633,4255,0.801,0.429,0.5620262891400726,0.6217863510744954,14,18,1,7,11,18,4,10
2633,4256,0.559,0.333,0.6954738836047709,0.7116108236365404,14,18,1,7,12,18,4,10
2633,4257,0.134,0.2,0.9082133365510582,0.8672589017235933,14,18,1,7,13,18,4,10
2633,4258,0.405,0,0.7888888604521463,0.825371148537789,14,18,1,7,14,18,4,10
2633,4259,0.825,0.25,0.5885068263029485,0.628354590913297,14,18,1,7,15,18,4,10
2633,4260,0.981,0.5,0.5126749452734316,0.5657306750814084,14,18,1,7,16,18,4,10
2633,4261,1,0.75,0.5125781304389617,0.5798920493443965,14,18,1,7,17,18,4,10
2633,4262,0.801,0.556,0.5220571208409737,0.6113259882006823,14,18,1,7,10,19,4,10
2633,4263,0.617,0.5,0.6103523546004841,0.6699774367021092,14,18,1,7,11,19,4,10
2633,4264,0.316,0.429,0.7664084979725422,0.7660348492845671,14,18,1,7,12,19,4,10
2633,4265,0.186,0.334,0.8492533464012457,0.8728875882275917,14,18,1,7,13,19,4,10
2633,4266,0.546,0.2,0.6665251464402993,0.7507429884215384,14,18,1,7,14,19,4,10
2633,4267,0.876,0.4,0.5061072109319935,0.5893282064857313,14,18,1,7,15,19,4,10
2633,4268,0.988,0.6,0.4860398102654373,0.5378408785918936,14,18,1,7,16,19,4,10
2633,4269,1,0.8,0.5035841746929929,0.545882768586279,14,18,1,7,17,19,4,10
2633,4270,1,1,0.5121617938356214,0.5763325848128587,14,18,1,7,18,19,4,10
2633,4271,0.647,0.6,0.5592471682486755,0.6452908766684298,14,18,1,7,10,20,4,10
2633,4272,0.43,0.556,0.6625703745015974,0.7070976709539507,14,18,1,7,11,20,4,10
2633,4273,0.259,0.5,0.7681474916576027,0.7875790038444368,14,18,1,7,12,20,4,10
2633,4274,0.28,0.429,0.7484787457116917,0.8200718445112792,14,18,1,7,13,20,4,10
2633,4275,0.642,0.333,0.5717944773371908,0.6879339856578555,14,18,1,7,14,20,4,10
2633,4276,0.907,0.5,0.4426258932517234,0.5582600354050451,14,18,1,7,15,20,4,10
2633,4277,0.991,0.667,0.42069219094595944,0.5179379091878067,14,18,1,7,16,20,4,10
2633,4278,1,0.834,0.4623143499688064,0.5222063301929395,14,18,1,7,17,20,4,10
2633,4279,1,1,0.504843097474221,0.5466291041277147,14,18,1,7,18,20,4,10
2633,4281,0.503,0.637,0.59436432198238065,0.671538102894618,14,18,1,7,10,21,4,10
2633,4282,0.341,0.6,0.6767717211466682,0.7266661845416715,14,18,1,7,11,21,4,10
2633,4283,0.283,0.556,0.721842419078563,0.7781565910186002,14,18,1,7,12,21,4,10
2633,4284,0.372,0.5,0.6579157637175792,0.762101516084824,14,18,1,7,13,21,4,10
2633,4285,0.71,0.429,0.49990523285332333,0.6395187241190365,14,18,1,7,14,21,4,10
2633,4286,0.927,0.572,0.39568964023849074,0.5347308781581114,14,18,1,7,15,21,4,10
2633,4287,0.993,0.715,0.3747978220082119,0.5029852323221429,14,18,1,7,16,21,4,10
2633,4288,1,0.858,0.407459923582409,0.5069886896627287,14,18,1,7,17,21,4,10
2633,4289,1,1,0.4920366506747683,0.5260087503576487,14,18,1,7,18,21,4,10
2633,4292,0.413,0.667,0.6084148455077715,0.6871668443371755,14,18,1,7,10,22,4,10
2633,4293,0.327,0.637,0.6600143463355894,0.729219547124485,14,18,1,7,11,22,4,10
2633,4294,0.311,0.6,0.6644373894759937,0.7520559759321486,14,18,1,7,12,22,4,10
2633,4295,0.454,0.556,0.5811478237348517,0.7120232224721532,14,18,1,7,13,22,4,10
2633,4296,0.761,0.5,0.4447404274684178,0.6024990478586258,14,18,1,7,14,22,4,10
2633,4297,0.942,0.625,0.36027241648150643,0.5167987716776472,14,18,1,7,15,22,4,10
2633,4298,0.994,0.75,0.34260558771350536,0.4917366350598452,14,18,1,7,16,22,4,10
2633,4299,1,0.875,0.37012730078238865,0.495772287529335,14,18,1,7,17,22,4,10
2633,4300,1,1,0.42615527052508617,0.5081091917408241,14,18,1,7,18,22,4,10
2633,4304,0.374,0.692,0.603312109043629,0.6924283026456821,14,18,1,7,10,23,4,10
2633,4305,0.337,0.667,0.6284909456440215,0.7195813551137753,14,18,1,7,11,23,4,10
2633,4306,0.347,0.637,0.6069138924997735,0.7209687679372558,14,18,1,7,12,23,4,10
2633,4307,0.524,0.6,0.5176506401185934,0.6707004736059885,14,18,1,7,13,23,4,10
2633,4308,0.8,0.556,0.40127644879495217,0.5738851587113181,14,18,1,7,14,23,4,10
2633,4309,0.952,0.667,0.3326437860800391,0.5028753399745959,14,18,1,7,15,23,4,10
2633,4310,0.996,0.778,0.31831074650226443,0.4827702482670573,14,18,1,7,16,23,4,10
2633,4311,1,0.889,0.3400451640836347,0.4858214047939323,14,18,1,7,17,23,4,10
2633,4312,1,1,0.3740197270285224,0.4925747517550748,14,18,1,7,18,23,4,10
2633,4317,0.365,0.714,0.5860256049217518,0.6894221600086341,14,18,1,7,10,24,4,10
2633,4318,0.35,0.693,0.5911397738846812,0.7031329344440336,14,18,1,7,11,24,4,10
2633,4319,0.389,0.667,0.5537429171959197,0.6904523551337731,14,18,1,7,12,24,4,10
2633,4320,0.584,0.636,0.4654993714740592,0.6368208516523339,14,18,1,7,13,24,4,10
2633,4321,0.831,0.6,0.36585186895024746,0.5513374973336127,14,18,1,7,14,24,4,10
2633,4322,0.96,0.7,0.30931746512187863,0.4916832395676589,14,18,1,7,15,24,4,10
2633,4323,0.996,0.8,0.2981916543565718,0.4750499020587241,14,18,1,7,16,24,4,10
2633,4324,1,0.9,0.31415959605975574,0.47659636222134316,14,18,1,7,17,24,4,10
2633,4325,1,1,0.3333251272627229,0.47971676511296324,14,18,1,7,18,24,4,10
2633,4331,0.37,0.733,0.5620553306425309,0.6807717584985085,14,18,1,7,10,25,4,10
2633,4332,0.365,0.714,0.5527163638331026,0.6837986179943669,14,18,1,7,11,25,4,10
2633,4333,0.433,0.692,0.5063700121347263,0.6624897202272894,14,18,1,7,12,25,4,10
2633,4334,0.635,0.667,0.4225265594186679,0.608855346742742,14,18,1,7,13,25,4,10
2633,4335,0.855,0.637,0.3369084127887606,0.5331574419099654,14,18,1,7,14,25,4,10
2633,4336,0.966,0.727,0.28969234277182077,0.4823589613354329,14,18,1,7,15,25,4,10
2633,4337,0.997,0.819,0.28070168713369903,0.468118039848317,14,18,1,7,16,25,4,10
2633,4338,1,0.91,0.29157075002239463,0.4682160633688943,14,18,1,7,17,25,4,10
2633,4339,1,1,0.3015634063241315,0.4692270473403165,14,18,1,7,18,25,4,10
2633,4346,0.378,0.75,0.5351165959078281,0.6687724378280899,14,18,1,7,10,26,4,10
2633,4347,0.385,0.733,0.5156375342358961,0.6638835506793255,14,18,1,7,11,26,4,10
2633,4348,0.476,0.714,0.46484019919186415,0.637534615159116,14,18,1,7,12,26,4,10
2633,4349,0.678,0.692,0.3868807817515352,0.5855156472289034,14,18,1,7,13,26,4,10
2633,4350,0.875,0.667,0.313179864567559,0.5181853959933691,14,18,1,7,14,26,4,10
2633,4351,0.971,0.75,0.27329522470538004,0.47439318009391207,14,18,1,7,15,26,4,10
2633,4352,0.997,0.834,0.26559759518872017,0.4618655685252385,14,18,1,7,16,26,4,10
2633,4353,1,0.917,0.27210999098804023,0.46090853068366144,14,18,1,7,17,26,4,10
2633,4354,1,1,0.2768058812648797,0.4609737957074693,14,18,1,7,18,26,4,10
2633,4362,0.386,0.765,0.5073883031247106,0.6551069824693851,14,18,1,7,10,27,4,10
2633,4363,0.409,0.75,0.4810444588363385,0.6445880916478909,14,18,1,7,11,27,4,10
2633,4364,0.518,0.733,0.42874172843895497,0.6154879393073378,14,18,1,7,12,27,4,10
2633,4365,0.715,0.715,0.3572699643017955,0.5658373088087263,14,18,1,7,13,27,4,10
2633,4366,0.891,0.693,0.29350849399281487,0.5056762582657474,14,18,1,7,14,27,4,10
2633,4367,0.975,0.769,0.25968611545087983,0.46754691182083064,14,18,1,7,15,27,4,10
2633,4368,0.998,0.847,0.25282174208032837,0.45638971231302816,14,18,1,7,16,27,4,10
2633,4369,1,0.924,0.256045601061205,0.4549150232704019,14,18,1,7,17,27,4,10
2633,4370,1,1,0.25786069167966597,0.45490794071733975,14,18,1,7,18,27,4,10
2633,4379,0.396,0.778,0.4801860647345456,0.6408981540715084,14,18,1,7,10,28,4,10
2633,4380,0.435,0.765,0.44946979547787325,0.6264916730139891,14,18,1,7,11,28,4,10
2633,4381,0.557,0.75,0.39759112750803627,0.5960997344492861,14,18,1,7,12,28,4,10
2633,4382,0.747,0.734,0.3325279958672035,0.5491392987393473,14,18,1,7,13,28,4,10
2633,4383,0.905,0.715,0.2772865740842304,0.49516891051000866,14,18,1,7,14,28,4,10
2633,4384,0.978,0.786,0.24849712667980683,0.4617310751939492,14,18,1,7,15,28,4,10
2633,4385,0.998,0.858,0.24222188202801842,0.4518076296761354,14,18,1,7,16,28,4,10
2633,4386,1,0.929,0.24315165281303397,0.4503016908607471,14,18,1,7,17,28,4,10
2633,4387,1,1,0.24398708888426224,0.45076940185513403,14,18,1,7,18,28,4,10
2633,4397,0.409,0.79,0.4543168718690008,0.6268557811289585,14,18,1,7,10,29,4,10
2633,4398,0.463,0.778,0.42111139124289,0.6098475512509816,14,18,1,7,11,29,4,10
2633,4399,0.594,0.765,0.37082663714177644,0.5791041452134718,14,18,1,7,12,29,4,10
2633,4400,0.774,0.75,0.31195713944426706,0.5349345816066202,14,18,1,7,13,29,4,10
2633,4401,0.916,0.734,0.2639263686960521,0.48635558019072345,14,18,1,7,14,29,4,10
2633,4402,0.981,0.8,0.23931970663904245,0.4568885749952477,14,18,1,7,15,29,4,10
2633,4403,0.998,0.867,0.233523498465393,0.4481505986317422,14,18,1,7,16,29,4,10
2633,4404,1,0.934,0.2334235829499034,0.44697019182624176,14,18,1,7,17,29,4,10
2633,4405,1,1,0.2342587538654497,0.4482122708087626,14,18,1,7,18,29,4,10
2633,4416,0.424,0.8,0.43024052971726745,0.613406996622615,14,18,1,7,10,30,4,10
2633,4417,0.492,0.79,0.39590013812267333,0.5947343689598872,14,18,1,7,11,30,4,10
2633,4418,0.627,0.778,0.3479577612419845,0.5642500343666454,14,18,1,7,12,30,4,10
2633,4419,0.797,0.765,0.2949104669873517,0.5228532387075342,14,18,1,7,13,30,4,10
2633,4420,0.926,0.75,0.25286967531253113,0.4790039168797847,14,18,1,7,14,30,4,10
2633,4421,0.983,0.813,0.2317748649427367,0.45295509822828506,14,18,1,7,15,30,4,10
2633,4422,0.998,0.875,0.22676009885607695,0.4453809821520601,14,18,1,7,16,30,4,10
2633,4423,1,0.938,0.22630513243736328,0.4447578131657791,14,18,1,7,17,30,4,10
2633,4424,1,1,0.2278714502573066,0.4469137113703512,14,18,1,7,18,30,4,10
2633,4436,0.442,0.81,0.40819968867490153,0.6007913315924689,14,18,1,7,10,31,4,10
2633,4437,0.52,0.8,0.3737347828579729,0.5811356783805782,14,18,1,7,11,31,4,10
2633,4438,0.658,0.79,0.32846730053556916,0.5513072245090063,14,18,1,7,12,31,4,10
2633,4439,0.818,0.778,0.28057161133518516,0.5126000872589309,14,18,1,7,13,31,4,10
2633,4440,0.934,0.765,0.24379376955753052,0.4729248710377054,14,18,1,7,14,31,4,10
2633,4441,0.985,0.824,0.22594528898897093,0.4498563509921132,14,18,1,7,15,31,4,10
2633,4442,0.999,0.883,0.22161319419541636,0.4434223317378838,14,18,1,7,16,31,4,10
2633,4443,1,0.942,0.22133183462386197,0.44348815395621355,14,18,1,7,17,31,4,10
2633,4444,1,1,0.2241248709337157,0.4465943552526651,14,18,1,7,18,31,4,10
2633,4457,0.461,0.818,0.38831173545725806,0.5891277773266921,14,18,1,7,10,32,4,10
2633,4458,0.548,0.81,0.3543112600490772,0.5689849315584541,14,18,1,7,11,32,4,10
2633,4459,0.685,0.8,0.3117875561823147,0.540067132275909,14,18,1,7,12,32,4,10
2633,4460,0.836,0.789,0.26860033315121945,0.5039302688116792,14,18,1,7,13,32,4,10
2633,4461,0.941,0.778,0.23662173963375988,0.4679558423494038,14,18,1,7,14,32,4,10
2633,4462,0.987,0.834,0.22153030690528763,0.4475090728354022,14,18,1,7,15,32,4,10
2633,4463,0.999,0.889,0.2179082606007139,0.4421773206734877,14,18,1,7,16,32,4,10
2633,4464,1,0.945,0.21827177537388387,0.442987549667337,14,18,1,7,17,32,4,10
2633,4465,1,1,0.22231644296010333,0.4470091159733779,14,18,1,7,18,32,4,10
2633,4479,0.481,0.826,0.3704388369577648,0.5784593395215325,14,18,1,7,10,33,4,10
2633,4480,0.575,0.819,0.3372300319117354,0.5581897384218159,14,18,1,7,11,33,4,10
2633,4481,0.711,0.81,0.2976167372698375,0.5303397280759343,14,18,1,7,12,33,4,10
2633,4482,0.851,0.8,0.2588480957168825,0.49663317347283076,14,18,1,7,13,33,4,10
2633,4483,0.947,0.79,0.23104284375500617,0.4639506864058561,14,18,1,7,14,33,4,10
2633,4484,0.988,0.842,0.21835821419962187,0.44582299814402304,14,18,1,7,15,33,4,10
2633,4485,0.999,0.895,0.21555892285632383,0.4415387966276889,14,18,1,7,16,33,4,10
2633,4486,1,0.948,0.21664529491263496,0.4430936813280879,14,18,1,7,17,33,4,10
2633,4487,1,1,0.22191694269846218,0.44795035905267655,14,18,1,7,18,33,4,10
2633,4502,0.502,0.833,0.35438655668602237,0.5687806593536167,14,18,1,7,10,34,4,10
2633,4503,0.6,0.826,0.32241616118805283,0.5486442211192677,14,18,1,7,11,34,4,10
2633,4504,0.733,0.819,0.2857350149598651,0.521949942187652,14,18,1,7,12,34,4,10
2633,4505,0.865,0.81,0.25097802995862983,0.4905226006205039,14,18,1,7,13,34,4,10
2633,4506,0.952,0.8,0.2268475813030454,0.46077502173645024,14,18,1,7,14,34,4,10
2633,4507,0.989,0.85,0.21635188411880035,0.44470512925181316,14,18,1,7,15,34,4,10
2633,4508,0.999,0.9,0.21426324122543572,0.44140010633168325,14,18,1,7,16,34,4,10
2633,4509,1,0.95,0.2160377423555897,0.44366365435527244,14,18,1,7,17,34,4,10
2633,4510,1,1,0.22228017332745065,0.44924946668529375,14,18,1,7,18,34,4,10
2633,4526,0.523,0.84,0.3401892802312123,0.5600550934250905,14,18,1,7,10,35,4,10
2633,4527,0.625,0.834,0.309701139115501,0.5402359619888459,14,18,1,7,11,35,4,10
2633,4528,0.754,0.826,0.2758193610065601,0.5147356982654481,14,18,1,7,12,35,4,10
2633,4529,0.877,0.818,0.24474628974926516,0.48543215868185563,14,18,1,7,13,35,4,10
2633,4530,0.957,0.81,0.22387536911384753,0.45830596019054437,14,18,1,7,14,35,4,10
2633,4531,0.99,0.857,0.21526438341983656,0.4440657517398513,14,18,1,7,15,35,4,10
2633,4532,0.999,0.905,0.21370877845880987,0.44166335259126965,14,18,1,7,16,35,4,10
2633,4533,1,0.953,0.2160928691541233,0.444577627989892,14,18,1,7,17,35,4,10
2633,4534,1,1,0.22313913881231084,0.4507736476367199,14,18,1,7,18,35,4,10
2633,4557,1,1,0.5104395117671499,0.560810560411811,14,18,1,7,10,14,7,10
2633,4558,1,1,0.5112808352889044,0.5652920404665278,14,18,1,7,11,14,7,10
2633,4559,1,1,0.5137351469552937,0.5788348498473719,14,18,1,7,12,14,7,10
2633,4560,1,1,0.5177314333235556,0.604092992469847,14,18,1,7,13,14,7,10
2633,4561,1,0.875,0.5058874911427345,0.5419159141402465,14,18,1,7,10,15,7,10
2633,4562,0.999,0.858,0.5074218883066228,0.5486692519960904,14,18,1,7,11,15,7,10
2633,4563,0.988,0.834,0.5144816003465476,0.5686246745381691,14,18,1,7,12,15,7,10
2633,4564,0.875,0.8,0.5543648451177343,0.6186834886022762,14,18,1,7,13,15,7,10
2633,4565,0.375,0.75,0.6597672827956017,0.7230984796241613,14,18,1,7,14,15,7,10
2633,4566,0.982,0.75,0.5097428460888482,0.5450220692513386,14,18,1,7,10,16,7,10
2633,4567,0.941,0.715,0.5314681843532905,0.5720198292591399,14,18,1,7,11,16,7,10
2633,4568,0.805,0.667,0.5984760875627855,0.6340123255095758,14,18,1,7,12,16,7,10
2633,4569,0.444,0.6,0.7503692572682007,0.7658394689361719,14,18,1,7,13,16,7,10
2633,4570,0.299,0.5,0.7818071517094837,0.8132171362305608,14,18,1,7,14,16,7,10
2633,4571,0.675,0.751,0.5906933576696235,0.6689371361254624,14,18,1,7,15,16,7,10
2633,4572,0.882,0.625,0.5320796990082839,0.5872450549988287,14,18,1,7,10,17,7,10
2633,4573,0.74,0.572,0.6183853804849024,0.6463524298238659,14,18,1,7,11,17,7,10
2633,4574,0.466,0.5,0.7724728170610589,0.7519775643161739,14,18,1,7,12,17,7,10
2633,4575,0.106,0.4,0.9468281636490259,0.9099584160103116,14,18,1,7,13,17,7,10
2633,4576,0.469,0.25,0.7600003962844596,0.7865174872608676,14,18,1,7,14,17,7,10
2633,4577,0.822,0.501,0.5777502275476295,0.6385483358849071,14,18,1,7,15,17,7,10
2633,4578,0.972,0.751,0.5198318383396834,0.5981987584000619,14,18,1,7,16,17,7,10
2633,4579,0.677,0.5,0.5873579364259551,0.6522907954715911,14,18,1,7,10,18,7,10
2633,4580,0.441,0.429,0.7145654541920876,0.7321937031613995,14,18,1,7,11,18,7,10
2633,4581,0.172,0.333,0.8795514703181334,0.8428300851600365,14,18,1,7,12,18,7,10
2633,4582,0.288,0.2,0.814927854999728,0.8744158880919678,14,18,1,7,13,18,7,10
2633,4583,0.666,0,0.6365242351347848,0.7030082636863582,14,18,1,7,14,18,7,10
2633,4584,0.907,0.25,0.545800201083279,0.5890404516062877,14,18,1,7,15,18,7,10
2633,4585,0.989,0.5,0.5091561522233353,0.558020569354764,14,18,1,7,16,18,7,10
2633,4586,1,0.75,0.5125955841445871,0.5802346823876045,14,18,1,7,17,18,7,10
2633,4587,0.412,0.556,0.6731470848609905,0.7114435216094934,14,18,1,7,10,19,7,10
2633,4588,0.258,0.5,0.777656917630125,0.7848800625150645,14,18,1,7,11,19,7,10
2633,4589,0.246,0.429,0.7841617532003659,0.8357251278424542,14,18,1,7,12,19,7,10
2633,4590,0.48,0.334,0.6631401649224706,0.7682914968717907,14,18,1,7,13,19,7,10
2633,4591,0.782,0.2,0.5202008922491836,0.6300329437190657,14,18,1,7,14,19,7,10
2633,4592,0.945,0.4,0.4587249371904909,0.5489423585815232,14,18,1,7,15,19,7,10
2633,4593,0.995,0.6,0.47845940077848303,0.5305865635070899,14,18,1,7,16,19,7,10
2633,4594,1,0.8,0.5031738835120961,0.5440649527488972,14,18,1,7,17,19,7,10
2633,4595,1,1,0.5125286873912118,0.5779252638073159,14,18,1,7,18,19,7,10
2633,4596,0.312,0.6,0.6997270177163725,0.7426334280518864,14,18,1,7,10,20,7,10
2633,4597,0.283,0.556,0.7244053642228249,0.7829227700608541,14,18,1,7,11,20,7,10
2633,4598,0.359,0.5,0.670463838072521,0.7711439601214176,14,18,1,7,12,20,7,10
2633,4599,0.617,0.429,0.5485154422334553,0.685280142155035,14,18,1,7,13,20,7,10
2633,4600,0.852,0.333,0.4416730928823075,0.5785214963288627,14,18,1,7,14,20,7,10
2633,4601,0.966,0.5,0.39870008599677664,0.5218962799769991,14,18,1,7,15,20,7,10
2633,4602,0.997,0.667,0.41116729450486655,0.5110043512912399,14,18,1,7,16,20,7,10
2633,4603,1,0.834,0.4675972369454152,0.5222206840636459,14,18,1,7,17,20,7,10
2633,4604,1,1,0.505683315186934,0.5493154261805158,14,18,1,7,18,20,7,10
2633,4606,0.321,0.637,0.6662374726263913,0.7414459772443426,14,18,1,7,10,21,7,10
2633,4607,0.331,0.6,0.6469058148043354,0.7467482541801365,14,18,1,7,11,21,7,10
2633,4608,0.473,0.556,0.5713178435834344,0.7064519382183708,14,18,1,7,12,21,7,10
2633,4609,0.715,0.5,0.4653853496418964,0.6252128173462503,14,18,1,7,13,21,7,10
2633,4610,0.896,0.429,0.38633726403428414,0.5431127075967637,14,18,1,7,14,21,7,10
2633,4611,0.977,0.572,0.35633311403998524,0.5031994536901545,14,18,1,7,15,21,7,10
2633,4612,0.998,0.715,0.3694109562849933,0.49768141443571023,14,18,1,7,16,21,7,10
2633,4613,1,0.858,0.42041866747985857,0.5089792947453265,14,18,1,7,17,21,7,10
2633,4614,1,1,0.49481866778023675,0.5256069600386368,14,18,1,7,18,21,7,10
2633,4617,0.342,0.667,0.6123614924391654,0.7192438698917003,14,18,1,7,10,22,7,10
2633,4618,0.4,0.637,0.5698886770161553,0.7024658183498877,14,18,1,7,11,22,7,10
2633,4619,0.573,0.6,0.49125354991027137,0.6532781956724902,14,18,1,7,12,22,7,10
2633,4620,0.785,0.556,0.4045340559048052,0.5818798027776211,14,18,1,7,13,22,7,10
2633,4621,0.926,0.5,0.3463776057597412,0.5184433231121127,14,18,1,7,14,22,7,10
2633,4622,0.985,0.625,0.3267308470064324,0.4901270693057628,14,18,1,7,15,22,7,10
2633,4623,0.999,0.75,0.341104199763852,0.4879219970890575,14,18,1,7,16,22,7,10
2633,4624,1,0.875,0.3790285583184574,0.4961247651682351,14,18,1,7,17,22,7,10
2633,4625,1,1,0.419415513312242,0.504346184469449,14,18,1,7,18,22,7,10
2633,4629,0.378,0.692,0.5542836085578379,0.6888947717097125,14,18,1,7,10,23,7,10
2633,4630,0.476,0.667,0.5019186695951591,0.6610942040829622,14,18,1,7,11,23,7,10
2633,4631,0.655,0.637,0.42849570491354183,0.6113425382230145,14,18,1,7,12,23,7,10
2633,4632,0.836,0.6,0.35842851849014457,0.5501647711111834,14,18,1,7,13,23,7,10
2633,4633,0.946,0.556,0.31554399248980103,0.5006397526567501,14,18,1,7,14,23,7,10
2633,4634,0.989,0.667,0.3038083383857624,0.4800358179574449,14,18,1,7,15,23,7,10
2633,4635,0.999,0.778,0.31685702266981774,0.4787397606981231,14,18,1,7,16,23,7,10
2633,4636,1,0.889,0.3405340353493559,0.48312087188978303,14,18,1,7,17,23,7,10
2633,4637,1,1,0.36192542926748317,0.4872372255854541,14,18,1,7,18,23,7,10
2633,4642,0.426,0.714,0.4993423157225372,0.6577268962825569,14,18,1,7,10,24,7,10
2633,4643,0.549,0.693,0.4447265388630778,0.6253643283810358,14,18,1,7,11,24,7,10
2633,4644,0.721,0.667,0.3794659230372266,0.5783161672673727,14,18,1,7,12,24,7,10
2633,4645,0.873,0.636,0.3232463631099576,0.526252660821185,14,18,1,7,13,24,7,10
2633,4646,0.96,0.6,0.2911960655314496,0.48698539010259745,14,18,1,7,14,24,7,10
2633,4647,0.992,0.7,0.2844177603285408,0.47130865369492847,14,18,1,7,15,24,7,10
2633,4648,0.999,0.8,0.2943603193902148,0.4697395041654395,14,18,1,7,16,24,7,10
2633,4649,1,0.9,0.30722954082290477,0.47154806183291087,14,18,1,7,17,24,7,10
2633,4650,1,1,0.318699222840209,0.47398823469605844,14,18,1,7,18,24,7,10
2633,4656,0.481,0.733,0.4502880303559692,0.6287200524237878,14,18,1,7,10,25,7,10
2633,4657,0.615,0.714,0.39745511125831345,0.5951882940346618,14,18,1,7,11,25,7,10
2633,4658,0.774,0.692,0.3409519583804044,0.5519497997083433,14,18,1,7,12,25,7,10
2633,4659,0.901,0.667,0.2959032511008042,0.5075910649235787,14,18,1,7,13,25,7,10
2633,4660,0.969,0.637,0.2717575061246402,0.4759130647972656,14,18,1,7,14,25,7,10
2633,4661,0.994,0.727,0.2674440149827313,0.4634130508190989,14,18,1,7,15,25,7,10
2633,4662,1,0.819,0.2733789396593146,0.46139626205613726,14,18,1,7,16,25,7,10
2633,4663,1,0.91,0.27960348308755434,0.4619270564952497,14,18,1,7,17,25,7,10
2633,4664,1,1,0.2859143894147358,0.46385884314597936,14,18,1,7,18,25,7,10
2633,4671,0.537,0.75,0.40772441383908586,0.6027565451907675,14,18,1,7,10,26,7,10
2633,4672,0.673,0.733,0.3587747216502356,0.5697809731747843,14,18,1,7,11,26,7,10
2633,4673,0.816,0.714,0.3104937308994785,0.5305649177966507,14,18,1,7,12,26,7,10
2633,4674,0.922,0.692,0.2742854276264489,0.49263266927394067,14,18,1,7,13,26,7,10
2633,4675,0.977,0.667,0.25598124829103175,0.4667004301994425,14,18,1,7,14,26,7,10
2633,4676,0.996,0.75,0.25257705542467734,0.45646831198991755,14,18,1,7,15,26,7,10
2633,4677,1,0.834,0.25512168695568926,0.45440742847695037,14,18,1,7,16,26,7,10
2633,4678,1,0.917,0.2579725037210312,0.4548258306667218,14,18,1,7,17,26,7,10
2633,4679,1,1,0.26291084173441504,0.4573925836710522,14,18,1,7,18,26,7,10
2633,4687,0.59,0.765,0.37148889269649255,0.5799268606256055,14,18,1,7,10,27,7,10
2633,4688,0.723,0.75,0.32717129019235625,0.5483871076939716,14,18,1,7,11,27,7,10
2633,4689,0.85,0.733,0.2863956140837095,0.5130828405914863,14,18,1,7,12,27,7,10
2633,4690,0.938,0.715,0.25730512003306183,0.4805684848770898,14,18,1,7,13,27,7,10
2633,4691,0.982,0.693,0.24329944016319272,0.45918632318619546,14,18,1,7,14,27,7,10
2633,4692,0.997,0.769,0.24025791811924424,0.45087200360046253,14,18,1,7,15,27,7,10
2633,4693,1,0.847,0.2407660896620738,0.4493245944669432,14,18,1,7,16,27,7,10
2633,4694,1,0.924,0.24266530032572797,0.4504663369159607,14,18,1,7,17,27,7,10
2633,4695,1,1,0.2484826221826113,0.45436818431657267,14,18,1,7,18,27,7,10
2633,4704,0.639,0.778,0.34101313438475,0.5600913064160848,14,18,1,7,10,28,7,10
2633,4705,0.765,0.765,0.30174930107946474,0.5304434983693216,14,18,1,7,11,28,7,10
2633,4706,0.877,0.75,0.26737989160064446,0.4988415521133882,14,18,1,7,12,28,7,10
2633,4707,0.951,0.734,0.24407372980483333,0.470973038576593,14,18,1,7,13,28,7,10
2633,4708,0.986,0.715,0.23320238056180098,0.4533525892637229,14,18,1,7,14,28,7,10
2633,4709,0.998,0.786,0.23043416232383274,0.44682994922894936,14,18,1,7,15,28,7,10
2633,4710,1,0.858,0.2304837643889246,0.44620493059447475,14,18,1,7,16,28,7,10
2633,4711,1,0.929,0.2330103340047932,0.4485105126869132,14,18,1,7,17,28,7,10
2633,4712,1,1,0.24119369732400875,0.4540136896640735,14,18,1,7,18,28,7,10
2633,4722,0.684,0.79,0.31581453811960813,0.5430445992976246,14,18,1,7,10,29,7,10
2633,4723,0.801,0.778,0.2813076407103918,0.5155152503837304,14,18,1,7,11,29,7,10
2633,4724,0.899,0.765,0.2524086868098626,0.48737278538390905,14,18,1,7,12,29,7,10
2633,4725,0.96,0.75,0.2337738993564612,0.46353740831955625,14,18,1,7,13,29,7,10
2633,4726,0.989,0.734,0.22556274639843266,0.4491182724140488,14,18,1,7,14,29,7,10
2633,4727,0.998,0.8,0.22327518042577243,0.44431282119030424,14,18,1,7,15,29,7,10
2633,4728,1,0.867,0.22385073311174564,0.4448363431376142,14,18,1,7,16,29,7,10
2633,4729,1,0.934,0.22814808340541448,0.4484838985144176,14,18,1,7,17,29,7,10
2633,4730,1,1,0.23913918922320898,0.4556064631885275,14,18,1,7,18,29,7,10
2633,4741,0.724,0.8,0.29501143471879576,0.5285566523170642,14,18,1,7,10,30,7,10
2633,4742,0.831,0.79,0.2648171224946211,0.5032356002107767,14,18,1,7,11,30,7,10
2633,4743,0.916,0.778,0.2409177621881181,0.4782968085184487,14,18,1,7,12,30,7,10
2633,4744,0.968,0.765,0.2263267586953034,0.4579881680503337,14,18,1,7,13,30,7,10
2633,4745,0.991,0.75,0.22016927642184714,0.44634048138541627,14,18,1,7,14,30,7,10
2633,4746,0.999,0.813,0.218627220419218,0.44317068298320994,14,18,1,7,15,30,7,10
2633,4747,1,0.875,0.22055023293224252,0.44492873671975064,14,18,1,7,16,30,7,10
2633,4748,1,0.938,0.22698904599823677,0.44993089404701125,14,18,1,7,17,30,7,10
2633,4749,1,1,0.24130143912273871,0.4585148684794558,14,18,1,7,18,30,7,10
2633,4761,0.759,0.81,0.27795901344146157,0.5163883362148051,14,18,1,7,10,31,7,10
2633,4762,0.856,0.8,0.2520682980777771,0.4932758538222709,14,18,1,7,11,31,7,10
2633,4763,0.93,0.79,0.2325137532401993,0.47127899735977674,14,18,1,7,12,31,7,10
2633,4764,0.974,0.778,0.2211853860049341,0.4540640612253469,14,18,1,7,13,31,7,10
2633,4765,0.993,0.765,0.21672226121769045,0.44483509296995305,14,18,1,7,14,31,7,10
2633,4766,0.999,0.824,0.21642795515063185,0.44319306983436935,14,18,1,7,15,31,7,10
2633,4767,1,0.883,0.21991085565284685,0.446161125462065,14,18,1,7,16,31,7,10
2633,4768,1,0.942,0.2287314741242341,0.45239542897648,14,18,1,7,17,31,7,10
2633,4769,1,1,0.245181995121461,0.4621199533021828,14,18,1,7,18,31,7,10
2633,4782,0.79,0.818,0.26447314905746266,0.5062938965919316,14,18,1,7,10,32,7,10
2633,4783,0.877,0.81,0.24246531806838656,0.4853273800320067,14,18,1,7,11,32,7,10
2633,4784,0.942,0.8,0.2266167130982294,0.466008890812853,14,18,1,7,12,32,7,10
2633,4785,0.978,0.789,0.21810378245444528,0.45150710198237554,14,18,1,7,13,32,7,10
2633,4786,0.994,0.778,0.21513273370418617,0.4443895503230759,14,18,1,7,14,32,7,10
2633,4787,0.999,0.834,0.21609733945355458,0.44413619398910464,14,18,1,7,15,32,7,10
2633,4788,1,0.889,0.22122879637039394,0.448206261371244,14,18,1,7,16,32,7,10
2633,4789,1,0.945,0.2316787077415522,0.4554564513243631,14,18,1,7,17,32,7,10
2633,4790,1,1,0.24976474376592772,0.4659106869453197,14,18,1,7,18,32,7,10
2633,4804,0.816,0.826,0.2540049736347355,0.4980224499007928,14,18,1,7,10,33,7,10
2633,4805,0.895,0.819,0.23551141126896913,0.47909547244711137,14,18,1,7,11,33,7,10
2633,4806,0.951,0.81,0.22294966774789027,0.4621952739453459,14,18,1,7,12,33,7,10
2633,4807,0.982,0.8,0.21664157405199436,0.45006798842877527,14,18,1,7,13,33,7,10
2633,4808,0.995,0.79,0.21489309352908592,0.44478653874089535,14,18,1,7,14,33,7,10
2633,4809,0.999,0.842,0.217075187859329,0.4457608399202754,14,18,1,7,15,33,7,10
2633,4810,1,0.895,0.22345428212542273,0.4507715237869322,14,18,1,7,16,33,7,10
2633,4811,1,0.948,0.23544563822279163,0.4587658586836225,14,18,1,7,17,33,7,10
2633,4812,1,1,0.2547505856029373,0.46950504213703426,14,18,1,7,18,33,7,10
2633,4827,0.839,0.833,0.24616706674283384,0.49132508398197394,14,18,1,7,10,34,7,10
2633,4828,0.91,0.826,0.23087220437812694,0.474304264189533,14,18,1,7,11,34,7,10
2633,4829,0.959,0.819,0.2209917815413024,0.4595729115866386,14,18,1,7,12,34,7,10
2633,4830,0.985,0.81,0.2162140145395457,0.44951896977064776,14,18,1,7,13,34,7,10
2633,4831,0.996,0.8,0.21555984784254245,0.4458244527840426,14,18,1,7,14,34,7,10
2633,4832,0.999,0.85,0.21875036833837536,0.4478518349940972,14,18,1,7,15,34,7,10
2633,4833,1,0.9,0.22649500493926178,0.4536073149405,14,18,1,7,16,34,7,10
2633,4834,1,0.95,0.2399331821584173,0.4620444148402407,14,18,1,7,17,34,7,10
2633,4835,1,1,0.2593674755751624,0.47263495637264674,14,18,1,7,18,34,7,10
2633,4851,0.86,0.84,0.24058838978558872,0.4859663733947669,14,18,1,7,10,35,7,10
2633,4852,0.923,0.834,0.2279895073485425,0.4707058449095477,14,18,1,7,11,35,7,10
2633,4853,0.965,0.826,0.22005746695864115,0.45791037971511783,14,18,1,7,12,35,7,10
2633,4854,0.988,0.818,0.21649268920903808,0.44966252708030197,14,18,1,7,13,35,7,10
2633,4855,0.997,0.81,0.21681178462996387,0.4473275667349488,14,18,1,7,14,35,7,10
2633,4856,1,0.857,0.2213146717206338,0.45022586344171966,14,18,1,7,15,35,7,10
2633,4857,1,0.905,0.23034652944395184,0.4565115048449534,14,18,1,7,16,35,7,10
2633,4858,1,0.953,0.2443563363932495,0.4650877884278185,14,18,1,7,17,35,7,10
2633,4859,1,1,0.26314506898335155,0.47515458466558735,14,18,1,7,18,35,7,10
2633,4882,1,1,0.5097759230430323,0.5577918042714722,14,18,1,7,10,14,10,10
2633,4883,1,1,0.5112207082490541,0.5652234758540493,14,18,1,7,11,14,10,10
2633,4884,1,1,0.5141848550968431,0.5815570285518095,14,18,1,7,12,14,10,10
2633,4885,1,1,0.5178612487923979,0.6050692664595327,14,18,1,7,13,14,10,10
2633,4886,0.999,0.875,0.5056108055021924,0.5412859840275321,14,18,1,7,10,15,10,10
2633,4887,0.994,0.858,0.509719044505995,0.5540562676080881,14,18,1,7,11,15,10,10
2633,4888,0.96,0.834,0.5258542952185046,0.5816800050150526,14,18,1,7,12,15,10,10
2633,4889,0.761,0.8,0.5886917906956359,0.6504411137974984,14,18,1,7,13,15,10,10
2633,4890,0.381,0.75,0.658699931140018,0.7235235595664595,14,18,1,7,14,15,10,10
2633,4891,0.939,0.75,0.5308644691910871,0.5667639569612629,14,18,1,7,10,16,10,10
2633,4892,0.841,0.715,0.5809388270584491,0.6130646197856386,14,18,1,7,11,16,10,10
2633,4893,0.619,0.667,0.686360219548909,0.700494060429838,14,18,1,7,12,16,10,10
2633,4894,0.208,0.6,0.8432590246291131,0.8368646532991724,14,18,1,7,13,16,10,10
2633,4895,0.387,0.5,0.741443098118467,0.7811383125182996,14,18,1,7,14,16,10,10
2633,4896,0.716,0.751,0.5792824445991697,0.6613402548292023,14,18,1,7,15,16,10,10
2633,4897,0.71,0.625,0.6116639526287844,0.6501286611700995,14,18,1,7,10,17,10,10
2633,4898,0.489,0.572,0.7393407865921522,0.7343514372789455,14,18,1,7,11,17,10,10
2633,4899,0.166,0.5,0.9087137378233677,0.8558223889870185,14,18,1,7,12,17,10,10
2633,4900,0.262,0.4,0.8735869462818519,0.892842668782726,14,18,1,7,13,17,10,10
2633,4901,0.625,0.25,0.6810823574384139,0.7217968254998595,14,18,1,7,14,17,10,10
2633,4902,0.874,0.501,0.5567527847652542,0.6209578081488059,14,18,1,7,15,17,10,10
2633,4903,0.978,0.751,0.5185282402569054,0.5968504962195407,14,18,1,7,16,17,10,10
2633,4904,0.363,0.5,0.7313396072976579,0.7443111987883357,14,18,1,7,10,18,10,10
2633,4905,0.201,0.429,0.8519557478006055,0.8290427710792102,14,18,1,7,11,18,10,10
2633,4906,0.25,0.333,0.8180625067557471,0.8711800115396255,14,18,1,7,12,18,10,10
2633,4907,0.534,0.2,0.6822855424660145,0.7682735940025811,14,18,1,7,13,18,10,10
2633,4908,0.801,0,0.5640518790694913,0.6360879992161033,14,18,1,7,14,18,10,10
2633,4909,0.946,0.25,0.527411031280556,0.5684493334418095,14,18,1,7,15,18,10,10
2633,4910,0.994,0.5,0.5079870509597358,0.5564750809047061,14,18,1,7,16,18,10,10
2633,4911,1,0.75,0.5130826435583086,0.5825717235232035,14,18,1,7,17,18,10,10
2633,4912,0.267,0.556,0.763131575563484,0.7898546932451296,14,18,1,7,10,19,10,10
2633,4913,0.278,0.5,0.7473889401635183,0.8145570038315877,14,18,1,7,11,19,10,10
2633,4914,0.452,0.429,0.6565778634948147,0.7663990980546467,14,18,1,7,12,19,10,10
2633,4915,0.708,0.334,0.5386141080599601,0.6637983721493215,14,18,1,7,13,19,10,10
2633,4916,0.889,0.2,0.46269071485541946,0.5729875339098862,14,18,1,7,14,19,10,10
2633,4917,0.974,0.4,0.4477742410750436,0.5325233686243671,14,18,1,7,15,19,10,10
2633,4918,0.998,0.6,0.48489559960054773,0.5301692486469791,14,18,1,7,16,19,10,10
2633,4919,1,0.8,0.5039578408442279,0.5459164563289648,14,18,1,7,17,19,10,10
2633,4920,1,1,0.51324597573916,0.5813361324641922,14,18,1,7,18,19,10,10
2633,4921,0.31,0.6,0.6836211199882052,0.767630047822752,14,18,1,7,10,20,10,10
2633,4922,0.408,0.556,0.6258426359301057,0.7426331100299182,14,18,1,7,11,20,10,10
2633,4923,0.612,0.5,0.5322437094410042,0.6766833918754018,14,18,1,7,12,20,10,10
2633,4924,0.813,0.429,0.44474803431760823,0.5942839567362096,14,18,1,7,13,20,10,10
2633,4925,0.936,0.333,0.3963998421933653,0.5333256401200526,14,18,1,7,14,20,10,10
2633,4926,0.987,0.5,0.3899025409298885,0.5098456796412341,14,18,1,7,15,20,10,10
2633,4927,0.999,0.667,0.4190905502994222,0.5112561611506755,14,18,1,7,16,20,10,10
2633,4928,1,0.834,0.49087652710176266,0.5271888660897672,14,18,1,7,17,20,10,10
2633,4929,1,1,0.5067851719879386,0.5530954930290244,14,18,1,7,18,20,10,10
2633,4931,0.393,0.637,0.5909532183194235,0.7163134139912448,14,18,1,7,10,21,10,10
2633,4932,0.538,0.6,0.5226652205881286,0.674152764093213,14,18,1,7,11,21,10,10
2633,4933,0.727,0.556,0.4437291907036023,0.6121211302794756,14,18,1,7,12,21,10,10
2633,4934,0.879,0.5,0.38168666503217885,0.5490375885316138,14,18,1,7,13,21,10,10
2633,4935,0.961,0.429,0.3512029775155803,0.5081550339630438,14,18,1,7,14,21,10,10
2633,4936,0.993,0.572,0.3528840731258476,0.49529160536360584,14,18,1,7,15,21,10,10
2633,4937,0.999,0.715,0.38408228184612503,0.5001366805061302,14,18,1,7,16,21,10,10
2633,4938,1,0.858,0.4410743474546347,0.5132258301898165,14,18,1,7,17,21,10,10
2633,4939,1,1,0.4986753346953635,0.5268169801613577,14,18,1,7,18,21,10,10
2633,4942,0.491,0.667,0.506953312584437,0.6645114119385149,14,18,1,7,10,22,10,10
2633,4943,0.648,0.637,0.44249056142942067,0.6199006175213392,14,18,1,7,11,22,10,10
2633,4944,0.808,0.6,0.38063398591580067,0.5667533433481834,14,18,1,7,12,22,10,10
2633,4945,0.92,0.556,0.3380324540087227,0.5192673644723869,14,18,1,7,13,22,10,10
2633,4946,0.976,0.5,0.32069021811729015,0.4918748558888566,14,18,1,7,14,22,10,10
2633,4947,0.996,0.625,0.32811849872054966,0.4852609472092265,14,18,1,7,15,22,10,10
2633,4948,1,0.75,0.35479525862281946,0.4898417899920592,14,18,1,7,16,22,10,10
2633,4949,1,0.875,0.3886058722994845,0.4969254114675278,14,18,1,7,17,22,10,10
2633,4950,1,1,0.4220334523088609,0.5038172252881938,14,18,1,7,18,22,10,10
2633,4954,0.586,0.692,0.4378229346510547,0.6203020079867754,14,18,1,7,10,23,10,10
2633,4955,0.734,0.667,0.38222776215971366,0.5785888947501752,14,18,1,7,11,23,10,10
2633,4956,0.864,0.637,0.3349828712325089,0.5345404263254784,14,18,1,7,12,23,10,10
2633,4957,0.946,0.6,0.3059523589379436,0.49876278162632826,14,18,1,7,13,23,10,10
2633,4958,0.985,0.556,0.2975613448790103,0.4799395517692905,14,18,1,7,14,23,10,10
2633,4959,0.998,0.667,0.3065024796152608,0.4759431915932585,14,18,1,7,15,23,10,10
2633,4960,1,0.778,0.32423555139901705,0.47838255609540636,14,18,1,7,16,23,10,10
2633,4961,1,0.889,0.3421405455467823,0.48184867579540003,14,18,1,7,17,23,10,10
2633,4962,1,1,0.36248178031481326,0.48691516024738113,14,18,1,7,18,23,10,10
2633,4967,0.669,0.714,0.38287113053254906,0.5842177837179275,14,18,1,7,10,24,10,10
2633,4968,0.8,0.693,0.33695759806092407,0.546984955934632,14,18,1,7,11,24,10,10
2633,4969,0.903,0.667,0.30149842802627336,0.5108055837130687,14,18,1,7,12,24,10,10
2633,4970,0.964,0.636,0.28191343616982123,0.48347954671598936,14,18,1,7,13,24,10,10
2633,4971,0.99,0.6,0.27837841713633826,0.46989251113157215,14,18,1,7,14,24,10,10
2633,4972,0.999,0.7,0.2853904940334028,0.46673503724115395,14,18,1,7,15,24,10,10
2633,4973,1,0.8,0.29505962307586875,0.46758067610304477,14,18,1,7,16,24,10,10
2633,4974,1,0.9,0.3044590004315776,0.469613307596667,14,18,1,7,17,24,10,10
2633,4975,1,1,0.31676775100536325,0.4735657952439204,14,18,1,7,18,24,10,10
2633,4981,0.738,0.733,0.33974313760726316,0.5549163984697068,14,18,1,7,10,25,10,10
2633,4982,0.85,0.714,0.3027450952389059,0.522307875326389,14,18,1,7,11,25,10,10
2633,4983,0.93,0.692,0.27620671932996343,0.49256261034789983,14,18,1,7,12,25,10,10
2633,4984,0.975,0.667,0.2630450644527157,0.4713127240979882,14,18,1,7,13,25,10,10
2633,4985,0.994,0.637,0.2612188548974864,0.4610260660909491,14,18,1,7,14,25,10,10
2633,4986,0.999,0.727,0.264943324825077,0.45828078122394966,14,18,1,7,15,25,10,10
2633,4987,1,0.819,0.26940048898896995,0.4585415965878443,14,18,1,7,16,25,10,10
2633,4988,1,0.91,0.27494833916266725,0.46040452098451,14,18,1,7,17,25,10,10
2633,4989,1,1,0.28475969635433895,0.4645575566918956,14,18,1,7,18,25,10,10
2633,4996,0.793,0.75,0.30601063692247943,0.5310057940222668,14,18,1,7,10,26,10,10
2633,4997,0.886,0.733,0.2765498794258682,0.5027114824249225,14,18,1,7,11,26,10,10
2633,4998,0.949,0.714,0.2568512817554469,0.47821513918879965,14,18,1,7,12,26,10,10
2633,4999,0.982,0.692,0.2477548874669192,0.4615230534274031,14,18,1,7,13,26,10,10
2633,5000,0.996,0.667,0.24620469020485491,0.453677214539995,14,18,1,7,14,26,10,10
2633,5001,0.999,0.75,0.2474392805821033,0.4516732259335636,14,18,1,7,15,26,10,10
2633,5002,1,0.834,0.2500149437920163,0.4524343959963103,14,18,1,7,16,26,10,10
2633,5003,1,0.917,0.25514796995207234,0.45533675772945703,14,18,1,7,17,26,10,10
2633,5004,1,1,0.2663212437689858,0.4611500494503791,14,18,1,7,18,26,10,10
2633,5012,0.837,0.765,0.2798651023666633,0.5115498039898534,14,18,1,7,10,27,10,10
2633,5013,0.914,0.75,0.25667610325045376,0.487209492022609,14,18,1,7,11,27,10,10
2633,5014,0.963,0.733,0.24216651256828348,0.4671241052984181,14,18,1,7,12,27,10,10
2633,5015,0.988,0.715,0.23570300045826387,0.4541118912016546,14,18,1,7,13,27,10,10
2633,5016,0.997,0.693,0.23408583765791646,0.44843192048675606,14,18,1,7,14,27,10,10
2633,5017,1,0.769,0.23463134546743325,0.4476272826558876,14,18,1,7,15,27,10,10
2633,5018,1,0.847,0.23742395863250265,0.4496181261601421,14,18,1,7,16,27,10,10
2633,5019,1,0.924,0.24468242999261092,0.4542010313505609,14,18,1,7,17,27,10,10
2633,5020,1,1,0.2594853562392154,0.46216243125434786,14,18,1,7,18,27,10,10
2633,5029,0.872,0.778,0.25981056292558924,0.4959604825731959,14,18,1,7,10,28,10,10
2633,5030,0.935,0.765,0.24176082254551134,0.4752409453972596,14,18,1,7,11,28,10,10
2633,5031,0.973,0.75,0.23112473966632874,0.45895427207433626,14,18,1,7,12,28,10,10
2633,5032,0.991,0.734,0.2266162587185453,0.4490648585992163,14,18,1,7,13,28,10,10
2633,5033,0.998,0.715,0.22536216831238542,0.44543030603897527,14,18,1,7,14,28,10,10
2633,5034,1,0.786,0.22668349552775313,0.4460964877809792,14,18,1,7,15,28,10,10
2633,5035,1,0.858,0.23148935872217624,0.44964378458970855,14,18,1,7,16,28,10,10
2633,5036,1,0.929,0.24192341068387446,0.456092954210205,14,18,1,7,17,28,10,10
2633,5037,1,1,0.26142539367635487,0.4661602007288276,14,18,1,7,18,28,10,10
2633,5047,0.899,0.79,0.24464113006679467,0.48377028396816,14,18,1,7,10,29,10,10
2633,5048,0.95,0.778,0.23099736206046562,0.4663508991609253,14,18,1,7,11,29,10,10
2633,5049,0.98,0.765,0.223523212854699,0.4533717322751819,14,18,1,7,12,29,10,10
2633,5050,0.994,0.75,0.22038480861292453,0.4461947263880146,14,18,1,7,13,29,10,10
2633,5051,0.999,0.734,0.22027875388229956,0.44449316093361435,14,18,1,7,14,29,10,10
2633,5052,1,0.8,0.2234040368083119,0.4467244261054444,14,18,1,7,15,29,10,10
2633,5053,1,0.867,0.23090791303762692,0.4519014489591685,14,18,1,7,16,29,10,10
2633,5054,1,0.934,0.24545877268726668,0.46012837943720186,14,18,1,7,17,29,10,10
2633,5055,1,1,0.2694950582792621,0.4719021280988387,14,18,1,7,18,29,10,10
2633,5066,0.92,0.8,0.23391750587822058,0.47454567947181414,14,18,1,7,10,30,10,10
2633,5067,0.962,0.79,0.22381892798363956,0.46010896229545994,14,18,1,7,11,30,10,10
2633,5068,0.985,0.778,0.21867326030943834,0.4500180646749583,14,18,1,7,12,30,10,10
2633,5069,0.995,0.765,0.2170839681986817,0.44521693955572783,14,18,1,7,13,30,10,10
2633,5070,0.999,0.75,0.21870516507190907,0.44530885635884354,14,18,1,7,14,30,10,10
2633,5071,1,0.813,0.22413771568015795,0.44906059415582744,14,18,1,7,15,30,10,10
2633,5072,1,0.875,0.23488656384867723,0.45573709108271343,14,18,1,7,16,30,10,10
2633,5073,1,0.938,0.25254353339239166,0.4653707006445257,14,18,1,7,17,30,10,10
2633,5074,1,1,0.278767800553516,0.478037158992769,14,18,1,7,18,30,10,10
2633,5086,0.937,0.81,0.22673160552802185,0.4678588885682424,14,18,1,7,10,31,10,10
2633,5087,0.97,0.8,0.21961097742915514,0.45608967767990805,14,18,1,7,11,31,10,10
2633,5088,0.989,0.79,0.21641494448109921,0.4485129787606691,14,18,1,7,12,31,10,10
2633,5089,0.997,0.778,0.21647648239792217,0.4457810937714761,14,18,1,7,13,31,10,10
2633,5090,0.999,0.765,0.22006414631004523,0.4474739006576577,14,18,1,7,14,31,10,10
2633,5091,1,0.824,0.22776817947998307,0.45256393871937517,14,18,1,7,15,31,10,10
2633,5092,1,0.883,0.2406733353039644,0.4604153077464498,14,18,1,7,16,31,10,10
2633,5093,1,0.942,0.2603960332669363,0.4708509512748704,14,18,1,7,17,31,10,10
2633,5094,1,1,0.28761382169808203,0.48341850152671173,14,18,1,7,18,31,10,10
2633,5107,0.95,0.818,0.22264267930753867,0.4632826684466119,14,18,1,7,10,32,10,10
2633,5108,0.977,0.81,0.217779345847257,0.4538708329842135,14,18,1,7,11,32,10,10
2633,5109,0.991,0.8,0.21620546552850972,0.4484643171769711,14,18,1,7,12,32,10,10
2633,5110,0.997,0.789,0.21789616123047062,0.44750496412951646,14,18,1,7,13,32,10,10
2633,5111,1,0.778,0.22313572902480105,0.4505568490093934,14,18,1,7,14,32,10,10
2633,5112,1,0.834,0.23258951236914305,0.45670332895817733,14,18,1,7,15,32,10,10
2633,5113,1,0.889,0.2474626743777174,0.46528625419089986,14,18,1,7,16,32,10,10
2633,5114,1,0.945,0.2683505529377519,0.47583658818157926,14,18,1,7,17,32,10,10
2633,5115,1,1,0.29434978454519756,0.4874206823971815,14,18,1,7,18,32,10,10
2633,5129,0.96,0.826,0.22073224546942727,0.4604100353568803,14,18,1,7,10,33,10,10
2633,5130,0.982,0.819,0.2175451403968598,0.45305901026469775,14,18,1,7,11,33,10,10
2633,5131,0.993,0.81,0.21736508804982746,0.44950536487779247,14,18,1,7,12,33,10,10
2633,5132,0.998,0.8,0.22042712719094681,0.45002748359772204,14,18,1,7,13,33,10,10
2633,5133,1,0.79,0.2272611323970467,0.4541588890926146,14,18,1,7,14,33,10,10
2633,5134,1,0.842,0.23852022748937707,0.4610119478754957,14,18,1,7,15,33,10,10
2633,5135,1,0.895,0.25455890911838486,0.46982385650123737,14,18,1,7,16,33,10,10
2633,5136,1,0.948,0.27491128719791247,0.47982995400965334,14,18,1,7,17,33,10,10
2633,5137,1,1,0.29805055543942616,0.4897982968253587,14,18,1,7,18,33,10,10
2633,5152,0.968,0.833,0.2201791736050841,0.4588763510146904,14,18,1,7,10,34,10,10
2633,5153,0.986,0.826,0.2182840942813622,0.4533077092690936,14,18,1,7,11,34,10,10
2633,5154,0.995,0.819,0.21942140914549824,0.4513109338381709,14,18,1,7,12,34,10,10
2633,5155,0.999,0.81,0.22409868303369873,0.4530240438525347,14,18,1,7,13,34,10,10
2633,5156,1,0.8,0.2325111990431905,0.45792656677112054,14,18,1,7,14,34,10,10
2633,5157,1,0.85,0.2447476197092865,0.46510023071333273,14,18,1,7,15,34,10,10
2633,5158,1,0.9,0.2606967945226746,0.47364715681732983,14,18,1,7,16,34,10,10
2633,5159,1,0.95,0.2793518162190841,0.4825874451511267,14,18,1,7,17,34,10,10
2633,5160,1,1,0.2990135721393391,0.49064046706304687,14,18,1,7,18,34,10,10
2633,5176,0.974,0.84,0.22051188694090795,0.45836983010522436,14,18,1,7,10,35,10,10
2633,5177,0.989,0.834,0.22000726948935867,0.4543233003058049,14,18,1,7,11,35,10,10
2633,5178,0.996,0.826,0.22272450139855648,0.4536039409123047,14,18,1,7,12,35,10,10
2633,5179,0.999,0.818,0.22870990449548545,0.45621927018755704,14,18,1,7,13,35,10,10
2633,5180,1,0.81,0.23799921080990982,0.4615753133156941,14,18,1,7,14,35,10,10
2633,5181,1,0.857,0.2505305355352597,0.4686952698790545,14,18,1,7,15,35,10,10
2633,5182,1,0.905,0.26560388640324906,0.47657199080470447,14,18,1,7,16,35,10,10
2633,5183,1,0.953,0.2821736130263486,0.4841479640937293,14,18,1,7,17,35,10,10
2633,5184,1,1,0.2982249296041709,0.49031901412192214,14,18,1,7,18,35,10,10
